30,79952 -6,22487 15,10088
51,75305 12,57800 9,68991
96,59041 2,08864 30,10175
4,73507 0,00000 6,45568
115,30457 1,68006 20,10437
110,83116 9,74213 19,55114
8,54701 0,00000 5,78574
83,31025 1,85748 22,60132
162,78294 0,00000 16,00093
83,11778 11,09756 0,99961
166,95386 7,55694 5,47238
92,70884 11,94750 19,86496
96,11422 9,00118 22,30131
51,75305 12,09431 7,05232
51,75305 11,33040 5,32563
106,74030 4,30000 32,60190
97,03439 3,13586 30,10175
38,74982 3,58000 20,10117
131,71207 11,70190 16,85098
69,82995 7,29489 22,70132
78,51564 1,58814 22,60132
103,73335 -3,76300 37,60219
34,50305 5,37210 17,05100
112,84190 3,38349 20,10117
97,27994 3,36161 30,10175
128,05771 0,00000 20,18409
58,95865 8,43660 18,00105
100,35086 2,94705 30,20176
69,82452 6,17513 22,90133
41,50797 1,00358 0,43677
3,43622 0,00000 6,97079
125,33154 14,40135 5,40124
73,80000 4,78000 20,10117
152,96556 0,00000 16,00093
52,21276 1,47211 22,60132
46,26073 0,00000 20,10117
103,80117 4,58590 27,70161
-2,95662 0,65201 14,69522
78,10647 1,12783 25,20147
114,18616 11,36835 17,80104
80,14147 2,05902 22,60131
56,00000 -2,82159 27,70161
72,95242 5,88000 22,60132
100,08819 0,00000 37,60218
98,82603 0,00002 27,60161
34,18911 5,37210 16,80099
130,51700 10,40697 16,77418
20,83962 5,89336 6,99002
2,42119 0,59996 7,87209
34,50305 5,82450 17,05100
66,25218 10,46792 17,60103
91,55495 7,61544 18,00105
69,55284 10,19392 19,55114
100,15589 -2,79540 20,10117
41,50797 8,29959 4,45157
208,55489 0,00000 9,83708
69,86689 12,54117 19,80116
51,94115 5,59000 19,85116
197,92268 1,39079 2,04971
83,11778 15,08155 13,13794
67,36700 10,40803 19,22433
47,34924 -2,86000 22,50131
110,49835 15,05616 17,60103
122,00846 0,00000 20,18409
49,35870 0,36257 22,60132
187,70753 3,13589 7,23319
100,59333 3,70173 37,60219
166,95386 3,78984 0,51881
97,93707 8,26190 21,80127
115,30457 1,68006 22,70132
103,73335 -3,76300 40,10233
71,53380 6,58892 22,60132
117,74190 1,55000 25,20147
85,81872 7,06709 21,80127
41,50797 11,13413 9,67961
49,79105 0,00000 22,60132
7,52475 0,00000 0,10001
110,49835 15,05616 17,80104
49,95179 0,00000 22,60131
53,39329 1,07985 30,30178
133,45424 2,88000 17,67723
124,69702 0,00000 20,18409
97,93707 7,69533 21,80127
78,52713 12,56207 17,80104
32,88336 6,38872 15,30090
48,34201 8,40533 18,00104
2,42119 1,40730 8,73956
72,95242 12,62502 2,76445
157,76828 0,00000 16,00093
93,68435 15,37479 8,84780
69,82292 6,89718 17,60103
111,71207 10,75872 19,30113
133,45424 0,00000 20,18409
125,33154 11,42089 0,96437
135,70210 0,00000 17,69171
69,84435 14,17716 17,60103
55,68352 -0,00192 40,10233
34,50305 6,70278 17,05100
97,03439 3,13586 32,70191
41,50797 11,30643 15,10088
70,83250 7,06271 22,70132
125,33154 14,50767 9,73068
126,23856 6,06417 17,63240
31,17064 3,58000 20,10117
80,13192 7,75818 17,60103
101,06349 4,82907 32,70191
93,68435 15,38967 9,70695
34,18911 7,62450 16,80099
34,18911 6,40940 16,80099
34,18911 7,33106 16,80099
197,92268 2,34846 13,27694
69,86700 10,60848 19,37600
109,48797 1,96993 30,10175
110,64190 4,29000 22,60132
5,10271 5,09853 15,29068
34,81562 9,04825 15,30090
111,14528 11,07278 19,30113
34,18911 5,82450 16,80099
132,24313 4,56861 17,67023
104,16606 15,61251 8,02265
50,21021 1,53273 22,60132
95,15000 10,76039 19,20256
93,64999 11,98538 19,20122
56,38397 0,00000 29,32688
154,05661 5,69290 15,38130
68,77680 5,09327 22,70132
10,45121 0,00000 0,10001
79,85784 11,99528 19,55114
93,64999 11,21538 19,20122
93,65000 11,75490 18,97072
96,11384 5,13334 22,30131
98,65000 11,58039 19,20256
68,67193 11,13628 18,80110
166,95386 4,77736 1,01476
82,93062 1,62417 30,20176
34,81698 7,01684 17,30101
49,50000 6,84439 19,20128
41,95000 1,10738 21,70116
162,48544 2,40907 15,53451
62,09582 7,04887 22,70132
86,42835 10,73616 20,30118
105,08693 -3,60090 20,10117
49,50000 7,34339 19,20128
81,81675 12,56207 19,80115
208,12849 0,20726 8,09669
98,64999 10,98355 19,37574
93,65000 10,76039 19,20256
79,36878 8,23180 17,60103
131,66853 5,07250 17,66732
95,14999 10,98355 19,42574
98,64999 11,75355 19,37574
33,62185 8,66173 15,30090
111,14528 10,75872 19,30113
197,92268 0,16014 0,00000
34,50305 8,66173 17,05100
114,75371 11,99317 0,96437
49,50000 7,06890 19,43312
8,10032 0,45000 5,78574
86,44700 7,16703 21,72447
31,18197 0,48290 0,00000
51,75305 2,33074 0,44774
131,71207 10,82108 16,35095
78,97693 11,36705 18,80110
109,88884 9,45334 17,80105
78,10647 1,12783 22,60132
34,18911 7,01688 16,80099
93,64999 11,75355 19,42574
73,80000 0,00000 22,60132
90,11616 7,04835 20,30118
131,14602 12,43839 16,85098
98,65000 11,75490 19,02072
98,65000 10,81039 19,20256
95,15000 10,98490 18,97072
93,65000 10,98490 18,97072
93,64999 10,98355 19,42574
85,81798 5,13561 20,30118
62,39874 13,63667 8,84992
104,16606 15,64330 12,20533
78,97713 9,72152 18,80110
91,96381 7,01003 20,10117
31,20618 6,97692 15,30089
-2,71978 1,16825 14,69454
207,76393 0,28903 4,73336
93,77396 11,17750 19,80115
94,39304 10,79250 18,00105
94,39304 11,94750 18,00105
94,08350 11,94750 18,90110
100,15589 0,00000 30,20176
100,15589 2,79537 30,10175
98,65000 10,98490 19,02072
162,55000 2,47590 17,50439
79,11478 1,93886 22,60132
144,80000 1,24808 21,94076
80,14462 3,52130 22,70132
52,97150 1,90291 25,20147
151,60077 5,78206 16,00093
158,95137 3,89158 18,96876
150,25000 4,07003 16,00093
47,11182 2,89000 17,60103
163,20000 1,85041 19,24382
112,84190 3,38349 17,60103
34,63487 -3,56600 17,60103
133,80000 2,47590 21,64463
137,82111 0,00000 17,71043
162,55000 0,72590 17,50439
122,32262 2,58658 20,18409
159,21957 5,58632 18,09972
197,92268 1,23680 6,37256
109,59030 1,30000 32,60190
86,44690 7,06690 20,30118
187,70753 6,51271 16,29484
55,98260 5,24100 27,70161
116,13639 2,54839 25,20147
114,75371 15,20341 7,12607
104,65522 5,06731 27,60161
-0,26033 0,04798 8,75354
50,56650 9,14250 18,90110
49,49998 9,33056 18,97809
104,99030 4,30000 32,60190
114,34557 2,28000 17,60103
133,15367 0,00000 20,18409
76,56118 11,32892 17,60103
55,97915 -0,59897 25,20147
93,13118 7,02692 17,60103
100,74190 5,80000 22,60132
130,47692 6,89618 15,15088
54,92123 2,60779 27,70163
80,14147 2,05902 30,20176
49,50000 9,56238 19,20262
130,12944 3,89158 23,14788
130,12944 5,73837 20,18409
103,28928 2,96371 32,70191
156,41483 6,34432 16,00093
96,69499 1,70773 30,10175
104,99030 4,30000 32,70191
156,41483 0,00000 0,00000
50,74414 1,74231 20,10117
162,55000 1,24663 18,02515
207,76393 0,00000 4,73938
97,37028 5,13334 20,30118
82,10555 10,73873 17,80105
55,98273 0,61436 25,20147
51,75305 10,65800 4,48206
158,95137 0,00000 18,96876
20,83962 0,74265 2,60183
84,38321 0,00000 22,60132
102,45690 4,05000 37,60219
105,34555 4,74509 32,70191
33,62185 7,33106 16,30096
107,29028 1,65000 32,70191
62,39874 12,46444 4,48206
10,46575 6,44623 14,70462
57,07978 -2,60681 27,80162
104,55370 5,75241 27,70162
96,69499 1,70773 32,60190
88,38054 7,69528 20,30119
67,93334 11,13628 18,80110
32,88336 6,38872 16,30096
109,39882 1,01946 30,20176
113,41621 2,67480 17,60103
134,18616 10,48835 15,35089
47,34924 2,86000 20,50120
10,45121 0,00000 1,60009
8,45121 0,00000 5,72008
100,15589 2,79537 30,10175
80,17200 11,54187 19,30161
88,85000 9,89000 20,00116
115,30457 1,68006 17,60423
83,31025 1,85748 30,20176
79,11478 1,93886 22,60131
55,98273 0,61436 30,30177
102,55746 4,82907 32,70191
126,61426 0,00000 23,66385
10,46575 0,47670 3,45540
126,90618 10,46692 15,35089
41,50797 11,24691 12,16251
134,09669 0,00000 20,18409
126,90618 10,46692 15,15088
80,17200 11,39021 19,30116
78,52708 10,17210 18,80110
-2,60371 0,95448 12,98712
132,71288 4,07003 20,18409
69,82995 7,29489 22,60132
163,20000 0,62561 19,24382
206,96815 0,53102 2,88314
162,55000 2,99663 18,02515
111,85685 0,00000 25,20147
62,39874 13,65583 17,60103
41,95000 1,15539 21,69915
157,76828 6,22772 16,00093
106,39265 4,75502 32,70191
162,55792 0,00000 18,44374
49,32802 0,00000 22,60132
96,74200 6,89213 21,80175
96,72335 0,00000 20,10117
105,08693 3,60085 30,10175
134,18616 10,48835 15,15088
162,55000 1,24976 16,96342
51,75305 9,59929 3,58328
163,20000 3,61270 16,00093
173,55000 0,95052 17,50294
130,47692 6,89618 15,35089
44,41759 5,24100 20,10117
55,99983 3,50000 26,34256
162,55792 3,61270 18,44374
103,94336 6,07906 27,70162
100,15589 2,79537 37,60219
34,80000 6,89952 16,72610
55,99640 2,81796 25,20148
38,74982 -10,95280 17,60103
121,45000 0,00000 23,66385
42,81183 0,00000 20,10117
76,44327 6,79180 20,10117
90,88956 7,07475 17,60103
131,71207 9,31193 16,85098
84,52626 0,00000 30,20176
150,25000 0,00000 19,50971
94,08350 11,17750 18,90110
83,11778 0,00000 0,00000
173,55000 1,24808 17,80052
4,73507 0,25865 3,55021
84,02888 1,33846 30,20176
133,80000 3,53756 21,64150
144,80000 2,99986 21,33406
163,20000 4,36070 16,00093
163,20000 2,38791 16,00093
163,20000 0,00000 16,00093
144,80000 2,70052 21,64319
133,80000 1,78756 21,64150
36,95000 0,88056 21,52826
163,20000 0,62561 16,00093
8,04318 0,00000 0,10001
77,95870 9,37000 20,00116
5,10271 4,25143 11,26891
133,80000 1,24663 22,16539
144,80000 1,24986 21,33406
133,80000 1,24976 21,10367
162,55000 3,53756 17,50126
133,87043 4,39269 22,40411
133,80000 2,99976 21,10367
159,22656 5,78206 16,00093
103,24575 5,06731 27,70162
155,29591 3,89158 19,50971
79,54372 10,73867 19,30113
163,20000 2,38791 19,24382
150,25000 0,00000 16,00093
162,55792 0,62561 18,44374
97,37028 7,69533 21,80127
173,55000 2,99986 17,19382
33,62195 5,37214 15,30090
162,55792 2,38791 18,44374
83,77638 1,59545 30,20176
146,16183 11,68185 6,30212
62,41814 1,59669 0,00000
53,54933 3,19802 18,00105
96,72335 10,73616 17,60103
155,59394 5,57616 18,60515
155,29591 0,00000 19,50971
101,19340 3,60085 35,10205
106,74030 4,30000 32,70191
64,69508 6,58892 22,60132
83,11778 15,10503 8,85689
173,55000 1,24986 17,19382
209,09291 0,23991 13,70152
160,21779 0,00000 16,00093
54,70153 0,00000 22,60132
114,34557 15,07712 15,10088
97,89029 3,55000 32,60190
132,24313 4,56861 17,67023
55,97915 -0,59897 30,30177
79,46648 3,76662 22,70132
211,96483 0,00000 17,66696
27,93188 0,00000 20,11277
163,20000 3,61270 19,24382
159,13565 4,97717 18,40744
7,39470 0,39976 3,51270
173,55000 2,70052 17,50294
133,15367 3,46360 15,17539
162,55000 2,99976 16,96342
-2,03216 2,31282 15,33970
104,16606 13,85599 1,99321
97,05616 6,75278 22,05129
63,02592 6,16233 22,70132
163,20000 1,85041 16,00093
4,73507 0,25865 2,67516
131,71207 9,87872 16,85098
8,45121 0,39976 2,67516
162,55792 1,85041 18,44374
59,87865 5,88000 17,60103
93,77396 10,79250 19,80115
68,67193 11,13628 19,30113
33,17218 8,21211 15,30090
38,74982 3,58000 17,60103
77,67200 11,46703 19,22433
150,25000 3,89158 19,50971
3,02490 0,00000 6,97358
131,71207 11,70190 16,35095
173,55000 2,99808 17,80052
100,89029 4,30000 32,60190
33,62185 5,82450 16,30096
173,55000 3,30718 17,50116
144,80000 2,99808 21,94076
162,55792 3,89158 18,44374
50,87604 7,75750 19,80115
151,60077 5,57616 18,60515
4,73507 0,25865 6,45568
83,11778 8,67000 17,60103
144,80000 0,95052 21,64319
125,33154 14,48562 7,15708
133,81709 0,62561 22,63415
51,94115 7,75750 19,85116
41,50797 3,21809 1,80590
55,38403 -0,00385 25,20147
36,95000 1,38594 21,52826
146,16183 11,31033 4,59833
59,87865 5,88000 22,60132
101,19340 3,60085 30,10175
58,82156 0,00009 30,30177
8,45121 0,00000 3,51270
64,10153 5,08672 22,90134
74,30000 8,67000 17,60103
130,51700 10,40652 16,92586
133,80000 2,99663 22,16539
134,09669 0,00000 20,18409
42,94447 -0,70000 22,35130
105,08693 3,60085 37,60219
69,55284 11,70307 19,55114
55,54523 5,59000 18,00105
106,42610 4,17254 22,70132
87,64195 8,71187 20,30119
80,15335 15,03816 17,80104
77,67200 11,26703 19,22433
94,80847 6,43872 22,30131
53,60765 8,46365 18,00105
79,54298 9,43561 17,80104
-1,42334 0,00000 9,63806
117,74185 -0,00004 22,70132
4,73507 0,25865 1,60009
75,51300 -0,00005 22,70132
44,87992 3,45653 17,60103
15,65269 0,86509 3,49090
100,15589 2,79537 20,10117
94,08350 11,56250 18,90110
207,97500 0,00000 5,56349
75,51300 3,76662 25,20147
69,86290 10,50790 17,80104
78,14301 0,35333 30,20176
76,42500 10,07000 20,10117
97,89029 3,55000 30,20176
7,78423 3,41555 8,73468
114,75371 15,12393 5,40124
78,97713 9,72152 17,80104
41,50797 10,40615 7,07089
50,25696 6,88000 18,00105
6,70418 0,39976 5,93176
130,51573 12,53824 17,35102
95,03875 8,67000 17,60103
80,17328 9,33576 19,80115
83,84116 11,35035 17,80104
97,93707 7,38108 21,30124
109,80689 0,00000 37,70219
53,58059 13,81464 18,00105
33,62185 8,21930 16,80099
209,03578 0,68485 15,05677
128,87054 6,30643 17,64863
6,70418 0,39976 4,60027
197,92268 1,55685 9,84816
114,75371 15,20341 8,02380
56,59736 -0,00027 25,20147
162,62149 4,39269 18,19520
84,50797 0,40025 30,20176
79,85784 12,56207 19,55114
3,72944 0,12670 2,67516
10,45516 0,00000 2,72857
133,80000 0,72590 21,64463
7,67420 0,00000 2,72391
81,08565 2,05902 20,10117
104,16606 15,57364 7,11072
55,38403 -0,00385 30,30177
71,51173 9,31290 17,80105
62,40844 4,73795 0,46939
7,39470 0,39976 2,72391
8,45121 0,39976 2,72473
130,49835 14,17616 15,15088
144,80000 3,30718 21,64140
94,42419 8,00845 17,60103
62,39874 13,68133 9,70928
129,70604 6,07143 20,18409
36,95000 1,20539 21,70021
80,13192 7,75818 17,80104
144,80000 1,55718 21,64140
67,36700 10,40848 19,37600
132,45065 11,13533 16,35095
56,29018 -0,00014 40,10233
56,59736 -0,00027 30,30177
187,70753 4,21342 12,60541
79,54372 13,30066 17,80104
132,71288 4,07003 17,67373
197,92268 1,18302 5,51886
132,16187 9,31193 16,35095
76,56118 11,32892 17,80104
80,15335 15,03816 17,60103
47,11182 0,00000 20,10117
51,94115 6,88000 19,85116
197,92268 1,86496 11,44215
39,17900 0,00000 20,10117
133,72650 2,17070 17,67904
63,02592 6,16233 22,90133
4,83733 0,00000 0,10001
36,95000 1,56038 21,70119
49,79565 0,00000 20,10117
36,75066 6,38872 17,30101
96,85561 1,36375 30,20176
62,39874 5,88000 22,60132
98,80000 9,50000 17,60103
88,09175 8,26207 20,30119
97,39029 0,95000 30,20176
77,79465 -0,00005 22,60131
146,16183 10,87727 3,65199
130,83117 9,87872 17,10100
57,08174 2,60206 27,80162
77,81491 0,38259 22,70132
87,83543 11,33495 17,60102
41,56650 -0,70000 21,40125
9,50638 0,47670 4,36010
86,44688 9,10017 20,30119
55,99983 0,00000 28,94271
177,28630 5,64856 9,81372
83,11778 14,92321 5,37644
91,59660 11,37661 18,00105
93,68435 15,36885 5,39249
156,41483 9,04421 3,65406
104,16606 15,08419 3,65199
166,95386 7,00276 3,65406
93,68435 14,93673 3,65199
62,39874 11,69913 3,60550
31,17064 3,94971 3,51105
162,55000 1,78756 17,50126
128,96347 6,61952 15,14948
103,35378 5,78057 27,70162
173,55000 1,55718 17,50116
55,99993 -0,00041 27,70162
78,97693 10,17210 18,80110
88,09172 5,87190 20,30119
51,00000 9,33190 19,43312
75,40180 7,83327 20,10117
36,75065 7,64533 15,30089
41,25696 -0,70000 20,50120
110,83116 13,03248 19,55114
114,75371 15,18203 11,38549
7,78423 2,64937 7,88206
95,15000 11,75490 18,97072
93,68435 14,48968 2,79704
7,39470 0,39976 2,67516
133,81709 2,38791 22,63415
95,14999 11,21538 19,20122
128,87054 6,30643 15,14848
187,70753 0,00000 0,00000
95,14999 11,98538 19,20122
5,69855 0,35517 3,55021
166,95386 8,72532 13,24327
187,70753 2,99789 4,63826
7,67420 0,00000 3,51270
83,11778 15,07711 7,08427
56,00000 -2,82159 30,30177
92,70552 13,43000 18,00105
86,13284 8,71187 22,05129
93,68435 7,51000 20,10117
54,00460 1,99491 25,20148
111,71207 10,75872 18,80110
3,02490 0,00000 2,67516
7,63221 0,39976 2,72344
20,83962 8,36176 14,76291
15,65269 0,40953 2,38345
50,99952 1,07510 22,80132
97,39029 0,95000 32,60190
7,62988 0,39976 3,51285
85,81872 9,00066 20,30118
50,99326 -1,07510 22,60132
109,48798 3,59986 27,70162
135,70210 12,50799 3,65199
85,25193 8,71187 20,30118
156,41483 0,00000 16,00093
10,46575 4,34125 8,71996
159,04532 5,88815 15,46314
177,28630 6,27675 12,35752
128,96347 6,61952 20,18409
197,92268 1,30401 3,65406
155,24391 0,00000 16,00093
87,07516 9,00066 20,30119
49,50000 9,10739 19,20128
206,29638 0,48885 2,05486
62,39874 12,95620 5,36628
116,29283 0,00000 22,70132
50,21021 1,53273 20,10117
72,95242 14,34113 6,23017
187,70753 2,83197 2,89623
113,34190 4,29000 22,60132
177,28630 0,00000 15,91855
72,95242 14,17052 5,37644
207,97500 0,24400 5,56349
177,28630 4,90437 3,65406
86,44828 5,03576 22,30131
53,39329 1,07985 27,70163
146,16183 11,54115 5,42156
85,81872 6,75292 21,80127
41,50797 0,00000 0,00000
84,80208 5,87210 20,30118
129,88922 12,44118 15,35090
63,06920 7,29489 22,70132
131,14602 12,43839 15,35089
132,24313 4,56861 20,18409
85,25213 5,42152 20,30118
92,70884 11,17750 19,86496
102,69029 4,30000 32,60190
84,41383 7,06701 20,30118
72,95242 13,84938 4,50239
132,24313 0,00000 20,18409
98,15467 1,93667 30,10175
84,51335 6,43867 20,30118
104,16606 14,67231 2,77908
116,29283 0,00000 25,20147
46,54523 -2,86000 22,50131
110,64029 0,00000 30,20176
76,45493 7,84493 20,30118
95,14999 11,75355 19,42574
130,51700 10,48379 16,85102
34,77692 3,40618 15,10088
59,87865 5,88000 20,10117
84,50797 0,40025 22,60132
36,95000 0,70739 21,70142
151,61780 3,50011 15,35220
83,84946 0,97439 31,35183
177,28630 5,55700 8,95952
203,32886 1,55314 13,31821
98,38687 5,87193 21,30124
67,93335 9,87967 17,80104
41,56650 -1,57000 21,40125
187,70753 0,49251 0,00000
133,45424 2,88000 15,17708
34,50305 8,21930 17,05100
134,45000 0,62561 20,18409
51,94115 10,02000 19,85116
125,33154 13,85247 3,65199
187,70753 3,23259 8,11457
89,91360 11,40662 20,00116
80,97905 8,23720 17,60103
109,48798 0,00002 27,70162
107,29028 2,78422 30,10175
51,00000 7,06890 19,43312
101,75000 8,60000 17,60103
156,41483 9,97557 8,88729
107,15690 4,05000 37,60219
84,52626 0,00000 20,10117
132,24313 4,56861 15,17008
146,16183 12,63847 15,28748
41,87604 -2,34000 22,30130
27,93188 3,58000 20,11277
97,05616 6,43872 22,05129
41,50797 11,30643 17,60103
109,48797 -1,96990 20,10117
207,76393 0,14452 4,73637
-3,03899 0,00000 15,34769
72,95242 14,44058 7,08596
159,04532 5,88815 16,00093
69,55284 9,31310 19,55114
130,51713 8,47383 15,35090
48,01187 0,00000 22,50131
77,67200 11,54187 19,30161
133,01700 10,60652 16,92586
97,93707 5,42213 21,30124
73,80000 4,78000 22,70132
129,70604 6,07143 17,65512
93,68435 15,38544 6,24084
38,74982 3,58000 15,10088
97,03439 3,13586 32,60190
96,72335 10,73616 20,30118
54,00486 -1,99517 25,20148
208,50388 0,22033 11,46776
96,74212 5,03383 22,30131
114,75371 14,69386 3,65199
135,70210 13,56075 13,20127
47,34924 2,86000 22,50131
69,55284 12,15287 19,55114
133,15367 3,46360 17,67553
34,50236 8,99971 17,05100
211,32368 1,03918 17,61202
83,32338 1,44932 30,20176
137,76935 1,44360 17,70943
208,12846 2,23795 17,38409
20,83962 0,00000 0,00000
95,68105 9,50000 20,10117
82,83618 7,02692 20,30118
166,95386 7,84457 9,79468
77,79465 -0,00005 30,20176
46,00000 9,15739 19,20128
78,97693 11,99528 18,80110
112,16192 12,58190 18,80110
79,11478 1,93886 22,70132
133,01700 10,48379 16,85102
51,00000 6,84439 19,20128
81,08565 2,05902 22,60132
130,51700 10,60697 16,77418
89,82825 0,00000 20,10117
105,08693 3,60085 30,10175
41,50797 1,61082 0,87466
77,79465 -0,00005 22,60132
70,90013 5,09952 22,90133
54,92022 -2,60681 25,20147
80,14147 2,05902 25,20147
128,48397 10,50700 15,35090
103,61429 6,01600 27,70162
89,91360 9,31000 20,00116
6,70418 0,39976 3,55021
78,28183 0,72597 30,20176
110,51573 13,41824 19,80116
166,95386 7,62599 6,33901
51,75305 8,23938 2,70347
54,92123 2,60779 30,30178
27,93188 0,00000 15,11248
82,30776 1,71966 30,20176
96,74069 2,79584 32,60190
78,52708 10,17210 17,80104
79,11478 1,93886 22,70132
-2,08804 0,00000 10,41219
62,39874 13,25727 6,22001
36,46192 8,21190 17,30101
83,11778 15,09609 15,10088
130,12944 -0,01066 23,14788
113,01700 11,48697 19,22433
131,14697 5,45262 15,16311
131,71207 11,13533 16,35095
107,29028 2,78422 32,60190
50,25696 9,14250 18,00105
133,01700 10,53213 16,85146
113,99564 2,45000 17,60103
134,45000 2,38791 23,40006
131,14697 5,45262 17,66325
208,12846 0,24481 9,83720
7,65363 0,00000 5,78574
132,55017 10,50699 15,35089
15,65269 5,76324 8,72718
58,60695 1,07944 25,20147
68,22208 9,31310 17,80104
31,87513 -7,30048 15,30089
78,51564 1,58814 30,20176
46,81232 2,57055 17,60103
31,17064 9,96581 15,10088
110,83116 11,07278 19,55114
137,42081 0,00000 17,70633
34,81702 4,98383 17,30102
124,69702 5,37742 17,62586
34,50305 6,40940 17,05100
83,94700 6,96748 21,87615
56,34924 5,59000 18,00105
68,67213 8,86252 17,80104
127,12987 6,25412 20,18409
10,46575 0,00000 2,77002
85,81872 7,69528 21,80127
121,82611 0,00000 17,62025
81,08501 4,78000 20,10117
41,87604 0,70000 22,30130
124,69702 5,37742 20,18409
114,75371 2,02000 25,20147
197,92268 1,30210 7,24907
73,80000 5,88000 22,60132
109,48797 1,96993 20,10117
67,83383 10,50801 17,80104
13,04834 0,00000 2,60098
135,70210 13,41834 9,74548
52,48644 0,64370 22,60132
67,93335 9,87967 18,80110
130,12944 5,58632 22,31395
105,08693 -3,60090 30,10175
97,93707 5,42213 20,30118
96,74190 7,06690 20,30118
93,68435 15,39848 14,84663
166,95386 0,00000 0,00000
43,39032 3,35856 20,10117
177,28630 2,37927 0,53028
128,87226 9,31193 15,35090
47,78431 -1,75000 20,50120
93,68435 7,51000 17,60103
74,30000 8,67000 20,10117
78,52713 12,56207 18,80110
8,54701 0,00000 3,45540
47,62741 -2,28000 20,50120
10,46575 5,89042 11,29216
177,28630 4,08456 2,07699
53,17842 -0,00002 27,80163
146,16183 11,91258 9,73319
128,58347 9,87872 15,35090
81,08501 0,00000 22,60132
61,36064 0,00000 27,70161
69,55280 12,49141 19,55114
52,21276 1,47211 20,10117
84,09788 0,40448 31,35183
125,33154 14,59775 15,12652
96,74200 7,09213 21,80175
77,28750 8,67000 20,00116
111,71207 11,07278 18,80110
-0,26033 1,07359 9,63037
91,55495 7,61544 17,60103
47,78431 1,75000 20,50120
97,37028 7,38108 21,80127
100,15589 0,00000 22,70132
72,95242 11,38771 1,88989
97,37028 7,06691 21,80127
137,63992 2,15545 17,70943
101,19340 3,60085 37,60219
51,76210 1,68243 20,10117
-2,96991 0,67999 15,34655
67,62560 5,88000 22,70132
2,42119 3,76205 12,03663
103,35378 5,78057 27,60161
68,67193 12,15287 18,80110
42,94447 0,00000 22,35130
111,14528 11,38691 19,30113
53,39329 1,07985 27,80163
130,83117 11,13533 17,10100
104,70690 3,60085 37,70219
33,17215 5,82194 16,30096
69,23872 8,86252 19,30113
156,41483 10,59394 13,23632
151,12576 2,52673 15,34799
34,63487 -3,56600 15,10088
166,95386 7,73528 8,08529
187,70753 3,84043 11,44215
109,32196 13,03173 17,80105
131,14528 11,70190 16,85098
69,86700 10,40803 19,22433
62,39874 6,73805 0,93714
72,95242 14,52113 12,20377
51,94115 8,44982 19,85116
54,00486 -1,99517 27,70163
69,86700 10,48287 19,30161
151,12576 2,52673 16,00093
187,70753 3,08063 6,36580
8,45121 0,39976 1,60009
62,39874 5,88000 20,10117
78,47180 1,06207 30,20176
122,76827 3,44136 17,62346
93,77396 11,56250 19,80115
88,62949 12,43180 18,00105
41,87604 0,00000 22,30130
134,45000 0,00000 20,18409
197,92268 0,00000 16,76595
112,30708 0,00000 25,20147
100,15589 2,79537 30,20176
8,45121 0,39976 3,51169
104,16606 15,57985 6,25293
70,90013 5,09952 22,70132
88,17157 0,00000 20,10117
98,97922 0,88163 30,10175
128,87054 6,30643 17,64863
51,26809 1,79221 20,10117
46,26073 2,98895 20,10117
97,39029 0,00000 32,60190
-0,26033 1,88208 10,39239
104,64665 5,41158 27,70162
67,83383 10,50801 18,80110
77,79465 -0,00005 22,70132
166,95386 7,71099 7,19986
67,36700 10,53121 19,30116
3,02490 0,00000 0,10001
83,11778 14,75260 4,53288
79,85813 9,38568 19,55114
30,79327 -8,34820 15,10088
146,16183 11,76941 7,16518
166,95386 0,00000 15,62834
84,51334 7,69528 21,30124
80,14147 2,05902 22,70132
36,95000 1,06238 21,70276
82,20505 11,36700 19,80115
50,72127 7,75750 19,35113
73,80000 4,78000 22,60132
135,70210 13,13684 5,41140
204,46190 0,23065 0,52608
69,81827 4,05180 22,70132
88,48005 7,06700 20,30119
100,35086 2,94705 30,10175
134,45000 2,38791 20,18409
117,74190 1,55000 22,70132
60,91920 5,88000 22,70132
104,16606 15,42500 4,56784
110,51700 11,28697 19,22433
88,17157 8,67000 20,10117
107,29028 0,00000 35,10205
47,11182 2,89000 20,10117
80,18484 8,10231 17,60103
110,35152 0,83016 30,20176
125,33154 14,22070 4,56784
-3,04806 0,29337 15,34769
55,62564 0,00000 29,32911
104,16606 15,66413 15,10088
125,33154 0,00000 0,00000
38,74982 3,58000 20,10117
5,69855 0,35517 2,67516
117,74190 1,55000 22,70132
40,45000 1,38689 21,93327
72,95242 0,00000 0,00000
58,82156 0,00009 25,20147
111,58281 0,97711 25,20147
97,93687 8,71248 20,30118
86,13284 5,42152 22,05129
95,09728 8,26210 20,30119
63,01967 4,03900 22,70132
5,69855 0,35517 0,10001
70,81530 -5,87627 20,10117
78,23835 10,73867 18,80110
77,81491 0,38259 25,20147
130,83117 10,19278 17,10100
109,88922 13,32118 19,80116
55,53639 5,59000 20,00116
87,07479 5,13282 20,30119
99,24200 7,24379 21,80131
108,58347 10,75872 19,80116
88,94814 7,92897 20,10117
84,41383 7,06701 21,30124
72,95242 8,94522 0,95796
113,99564 15,26666 17,60103
110,83121 9,40359 19,55114
97,93707 8,26190 21,30124
41,25696 2,03000 20,50120
112,30708 2,44563 25,20147
54,00460 1,99491 30,30178
107,51395 3,48779 37,60219
110,35152 0,83016 32,70191
109,88922 13,32118 17,80105
41,50797 5,14836 2,66281
81,08565 2,05902 30,20176
100,15690 2,90000 37,60219
41,50797 9,25299 5,30530
33,62185 6,40940 16,80099
3,72944 0,00000 6,73269
51,75305 2,89000 17,60103
27,93188 3,58000 15,11248
104,16606 0,00000 20,10117
52,21276 1,47211 22,60132
85,81872 9,00066 21,80127
79,85784 13,01187 19,55114
111,85685 1,81692 20,10117
157,76828 6,22772 15,43561
111,14602 13,31839 17,80104
46,81232 0,00000 20,10117
135,70210 0,00000 0,00000
92,86980 7,13946 17,60103
78,10647 1,12783 30,20176
84,52626 0,00000 22,60132
97,89029 3,55000 30,10175
56,34924 11,31000 20,00116
69,81827 4,05180 22,90133
74,93125 8,67000 20,10117
44,41759 5,24100 20,50120
75,56250 9,87000 20,10117
121,86234 0,80395 17,62105
159,04532 0,00000 16,00093
79,11478 1,93886 30,20176
32,30000 7,02513 16,80050
84,22850 1,07397 22,60132
48,01187 0,00000 20,50120
79,36878 8,23180 20,10117
88,38054 7,69528 22,30131
93,92873 11,94750 19,35113
85,25193 6,75292 21,30124
146,16183 0,00000 0,00000
43,39032 3,35856 17,60103
130,51573 12,53824 15,35090
187,70753 3,31548 8,96797
75,56250 9,87000 20,00116
85,25193 8,26207 21,80127
27,93188 0,00000 20,11277
132,71288 4,07003 15,17358
101,75000 8,60000 20,10117
57,08174 2,60206 25,20147
208,68240 0,11261 11,46776
83,12727 9,06858 0,46939
97,93687 8,71248 21,30124
41,95000 0,65239 21,69982
81,50819 0,94766 31,35182
96,74069 2,79584 30,10175
113,01700 11,36379 19,30116
110,51700 11,36379 19,30116
69,55284 8,86252 19,55114
52,97150 0,00000 22,70132
56,78431 10,22000 20,00116
46,26073 2,98895 17,60103
208,12846 0,00000 17,38409
3,72944 0,00000 0,10001
97,05616 7,38108 22,05129
15,65175 0,48187 2,67153
81,08501 0,00000 22,60132
46,00000 10,01038 19,20262
131,71187 12,15248 15,35089
131,66853 5,07250 17,66732
44,87992 3,45653 20,10117
86,44700 7,24187 21,80175
152,27028 4,34514 16,00093
90,11616 7,04835 17,60103
125,33154 14,48769 8,02823
208,07714 0,11443 6,41480
38,74982 -10,95280 15,10088
130,83117 10,50687 17,10100
78,55000 8,67000 20,00116
44,41759 0,00000 20,50120
8,54758 0,67865 5,78574
87,64205 5,42227 20,30119
93,68435 13,61881 1,92349
109,48797 1,96993 37,60219
15,65269 2,32830 5,22907
8,45121 0,00000 4,60027
51,00000 7,79838 19,20128
55,99760 3,50000 27,10094
3,72944 0,12670 0,10001
69,23798 8,57661 17,80104
83,94700 7,04187 21,80175
58,60695 1,07944 27,80162
69,86829 8,47676 19,80116
71,53380 6,58892 22,70132
79,85784 11,05292 19,55114
133,45424 2,88000 17,67723
93,68435 15,37211 12,20308
111,71207 11,38695 18,80110
114,18616 11,36835 17,60103
209,58124 1,06053 16,30368
42,48024 0,00000 20,10117
89,10960 13,43000 20,00116
49,49998 7,06756 18,97809
128,87054 6,30643 20,18409
84,50797 0,00000 22,60132
135,70210 13,65198 14,92317
44,87992 0,00000 20,10117
56,62741 10,72500 18,00105
208,34168 0,13626 9,83524
56,00176 3,50000 29,32495
42,48024 3,58000 17,60103
94,80846 7,69527 20,30119
55,99760 3,50000 29,70109
80,13770 1,73428 31,35183
110,64190 4,29000 22,70132
207,39059 0,45535 3,65774
84,38321 0,76456 20,10117
88,66569 10,40000 18,00105
53,39322 -1,07977 30,30178
113,34190 4,29000 22,70132
94,39304 11,37000 18,00105
50,74414 0,00000 22,60132
110,51700 11,21213 19,30161
187,70753 1,44358 0,51118
78,13883 11,36701 18,80110
115,85401 1,22721 25,20147
110,83087 13,36832 19,55114
77,28750 9,87000 20,00116
51,00000 9,60539 19,20128
128,05771 6,32718 17,64389
55,95133 -5,24098 27,80162
113,01700 11,28697 19,22433
86,13284 6,43867 22,05129
146,16183 7,54570 0,49586
111,14528 12,01533 19,30113
79,54372 9,72152 19,30113
-3,04267 0,00000 12,98884
130,51700 10,53213 16,85146
90,88956 0,00000 20,10117
146,16183 10,44725 2,81973
73,80000 5,88000 22,70132
197,92268 0,65009 0,51834
146,16183 8,60091 1,00636
102,45690 4,05000 37,70219
126,23856 6,06417 20,18409
10,45121 0,00000 2,67516
51,75305 6,36153 1,84789
82,83618 7,02692 17,60103
44,41759 -5,24098 20,50120
84,38321 0,76456 22,60132
51,76210 1,68243 22,60132
104,16606 11,24490 0,44996
58,60695 1,07944 30,30177
75,51300 -0,00005 25,20147
52,21276 1,47211 22,70132
107,15690 4,05000 37,70219
69,86689 12,54117 17,80105
94,39304 10,14000 18,00105
128,96347 6,61952 17,64963
128,87229 11,70210 17,35102
69,86700 10,40848 19,37600
77,90919 0,76981 22,70132
78,97693 11,05292 18,80110
111,71207 9,74213 18,80110
-2,59697 0,00000 11,23057
131,71187 12,15248 16,35095
197,92268 1,23303 4,69738
49,32802 0,00000 22,60132
31,17064 9,51268 9,65068
93,13118 7,02692 20,30118
52,07513 0,00000 22,80133
83,11778 15,03360 6,24033
73,80000 8,17000 17,60103
107,29028 0,00000 30,20176
177,28630 5,15591 4,63524
34,18911 8,95118 15,30090
107,29028 0,00000 30,10175
50,25696 10,02000 18,00105
3,72944 0,12670 4,60027
100,74190 8,60000 22,60132
72,95242 14,52117 13,15060
133,94568 1,42550 20,18409
114,34557 2,28000 25,20147
94,39304 11,17750 18,00105
88,43813 11,37661 18,00105
104,16606 15,64504 11,38920
52,63021 -0,00005 22,60132
95,15000 11,53039 19,20256
51,26809 1,79221 22,60132
130,83117 10,82108 17,10100
77,81491 0,38259 22,70132
73,80000 8,67000 17,60103
9,51111 0,56534 5,17185
177,28630 6,64497 13,26970
8,45121 0,39976 0,10001
62,39874 0,00000 0,00000
103,24575 5,06731 27,60161
83,11778 12,82258 1,91509
2,42119 2,86345 10,38567
31,17064 3,58000 15,10088
49,50000 7,56790 19,43312
152,27028 4,34514 15,35830
103,04190 8,60000 22,60132
58,82156 0,00009 27,70161
130,83088 12,48832 17,10100
78,12109 0,00000 30,20176
110,54404 0,46648 30,20176
156,41483 9,70460 5,45205
131,14528 12,15248 16,85098
51,75305 0,84349 0,00000
114,75371 13,47332 1,99321
5,69855 0,35517 4,60027
177,28630 5,47767 8,12102
15,65269 1,45017 4,36519
87,07479 5,13282 22,30131
9,50638 0,45000 3,45540
6,70418 0,39976 2,67516
54,00460 1,99491 27,80163
51,75305 11,78201 6,17935
57,08174 2,60206 30,30177
69,82452 6,17513 22,70132
42,94447 -1,57000 22,35130
156,42015 5,55730 0,52454
162,48544 0,00000 16,00093
129,88922 12,44118 17,35102
113,01700 11,41213 19,30161
52,61064 0,32224 22,60132
93,92873 11,17750 19,35113
156,41483 6,34432 15,40808
111,14528 9,45334 19,30113
78,51564 1,58814 22,70132
55,53639 11,31000 20,00116
85,25193 6,43867 21,80127
34,80000 7,09952 16,72610
112,84190 2,72594 20,10117
94,42419 8,00845 20,10117
88,38055 6,43873 20,30119
72,95242 14,53029 11,35810
137,63992 0,00000 17,70943
78,97693 13,01187 18,80110
31,17064 2,25805 2,61200
84,80213 8,26207 20,30118
116,13639 2,54839 22,70132
38,48616 6,99835 15,30089
104,16606 12,45764 0,94757
33,62185 6,40940 16,30096
18,22774 0,00000 1,30049
56,62741 6,17000 18,00105
100,15589 0,00000 22,60132
107,29028 2,78422 35,10205
20,83962 6,60696 7,89960
57,99517 -1,99516 27,70161
81,81672 10,17190 17,80105
101,52176 5,20188 32,60190
8,54701 0,45000 4,36010
89,10076 13,43000 18,00105
152,96556 5,00832 15,36650
54,92123 2,60779 25,20148
84,51334 7,69528 20,30118
117,74190 0,00000 22,60132
69,23872 12,44166 17,80104
208,12846 0,98083 15,01172
90,88956 7,07475 20,10117
41,95000 0,87556 21,47664
187,70753 3,43981 9,82137
20,83962 2,36844 4,37027
150,62862 0,00000 16,00093
-2,98103 0,23841 12,98884
80,79979 9,43282 19,80115
96,59041 2,08864 32,70191
110,47692 7,77618 17,60103
121,82611 0,00000 20,18409
15,65269 5,08682 7,89020
41,50797 0,61908 0,00000
30,80493 -7,29507 15,30089
67,36700 10,33121 19,30116
137,82111 0,71881 17,71043
84,22850 0,00000 22,60132
124,07225 4,93762 17,62506
39,17900 0,00000 20,50119
-2,74370 1,22290 15,34427
8,45121 0,39976 4,60027
53,58059 13,81464 17,60103
97,93707 5,87193 21,30124
10,46575 6,34075 13,02521
41,56650 0,70000 21,40125
57,99464 1,99644 30,30177
5,10271 4,57358 12,04995
114,75371 15,21035 13,20085
84,22850 1,07397 20,10117
166,95386 9,83673 15,62834
83,44028 0,00000 22,60132
69,23872 11,13628 19,30113
73,79963 -5,87627 17,60103
10,46575 0,53190 4,36010
20,83962 7,60578 9,62813
128,87229 11,70210 15,35090
187,70753 5,49817 14,98374
128,87054 0,00000 20,18409
69,86700 10,60803 19,22433
-1,15161 0,95448 10,39911
67,93334 11,13628 17,80104
131,66853 5,07250 15,16717
6,70418 0,39976 1,60009
187,70753 2,90358 3,65406
8,45121 0,39976 5,72008
146,16183 11,84287 8,05799
33,17218 8,21211 16,30096
56,34924 5,59000 20,00116
97,37028 6,75278 21,80127
32,30000 7,09997 16,87778
41,95000 1,61038 21,70111
130,51700 10,33213 16,85146
151,61780 0,00000 16,00093
112,45065 12,01533 17,80104
55,99983 3,50000 28,94271
73,80000 8,17000 20,10117
177,28630 5,28886 5,49271
77,79465 -0,00005 22,70132
32,30000 6,89997 16,87778
79,85784 11,36713 19,55114
135,70210 13,67686 15,19156
-0,26033 2,52902 11,23057
61,48613 6,57823 22,70132
96,72335 9,50000 20,10117
111,14528 9,45334 17,80104
112,16192 12,58190 17,80104
204,46130 0,11533 0,53265
71,90005 10,50800 19,80116
114,75371 0,00000 25,20147
31,17064 1,21922 1,78070
81,08501 4,78000 22,60132
55,62564 0,00000 26,72896
82,10555 10,73873 19,80115
78,12109 0,00000 31,35183
92,86980 0,00000 20,10117
103,60011 8,60000 17,60103
109,99854 1,15106 30,10175
76,42500 10,07000 20,00116
51,94447 5,59000 18,00105
87,64205 5,42227 22,30131
41,25696 -1,57000 20,50120
4,73507 0,25865 4,60027
197,92268 1,36814 8,12818
41,50797 11,28416 13,10171
85,25193 7,69528 21,30124
84,38321 0,76456 30,20176
55,62564 3,50000 29,32911
211,96488 0,43154 17,66302
50,87604 6,88000 19,80115
69,86700 10,53121 19,30116
88,43813 11,37661 20,00116
34,80000 6,97679 16,80094
128,58347 9,87872 17,35102
78,28183 0,72597 31,35183
109,48797 0,00000 37,60219
103,75521 3,76295 40,10234
98,77517 7,06699 21,30124
132,55017 10,50699 16,35095
86,13313 5,08568 22,05129
34,80000 7,09997 16,87778
83,77638 1,59545 22,60132
41,50797 10,97469 8,79671
92,70552 9,31000 18,00105
96,74200 7,16697 21,72447
111,71207 9,74213 17,80104
83,77638 1,59545 20,10117
40,45000 0,87556 21,47664
103,60011 8,60000 20,10117
135,70210 13,35763 8,04840
131,71207 9,87872 16,35095
156,41483 6,65182 1,02316
100,74190 5,80000 22,70132
80,17200 11,34187 19,30161
137,76935 0,00000 17,70943
55,95133 -5,24098 27,70161
93,77396 9,83000 19,80115
128,58347 11,13527 15,35090
135,70210 2,88000 15,19156
162,91353 0,00000 16,00093
56,34924 11,31000 18,00105
129,32207 8,86213 17,35102
130,49835 14,17616 15,35089
83,94700 6,89021 21,80131
55,99760 0,00000 29,70109
128,58347 11,13527 17,35102
110,51713 9,35383 19,80116
152,27028 0,00000 16,00093
107,29028 1,65000 32,60190
20,83962 0,39757 1,99228
208,26881 0,10527 8,96421
92,70884 11,37000 19,86496
208,12846 0,21054 8,96574
105,34555 4,74509 32,60190
84,80213 8,26207 21,30124
76,42500 8,67000 20,10117
131,14528 8,57334 15,35089
31,87513 -7,30048 15,10088
135,70210 6,95088 0,00000
69,23872 10,82222 19,30113
104,33135 2,98663 37,70220
115,30457 1,68006 25,20467
57,99464 1,99644 25,20147
30,79327 -8,34820 15,30089
104,16606 15,60437 9,71847
7,72980 0,00000 2,77002
102,55746 4,82907 32,60190
152,96556 5,00832 16,00093
20,83962 0,00000 15,13727
94,70896 7,06700 22,30131
166,95386 7,74742 8,93383
50,87604 9,14250 19,80115
78,23835 10,73867 17,80104
51,00000 9,56238 19,20262
46,00000 7,56790 19,38313
80,17190 11,36890 17,80104
79,43627 1,69044 31,35183
4,73507 0,25865 0,10001
105,40663 5,06731 27,60161
112,45066 10,75872 17,80104
38,74982 -3,56600 17,60103
34,79835 10,68616 15,10088
72,95242 13,27679 3,63327
93,68435 15,24435 4,53288
9,50638 0,45000 2,77346
98,80000 9,50000 20,10117
68,22213 11,70307 17,80104
-2,68888 0,38449 12,02331
51,00493 0,00493 22,80133
210,35663 0,39742 16,34264
103,77415 -0,00001 40,10234
46,00000 7,74838 19,20128
80,17328 9,33576 17,80105
84,52626 0,00000 22,60132
31,20618 6,97692 15,10088
95,41875 11,35728 18,00105
103,10690 3,60085 37,70219
82,30716 2,06209 22,60132
96,59041 2,08864 30,20176
62,39874 13,65583 13,13956
109,48797 1,96993 30,20176
132,45066 9,87872 16,35095
80,17188 13,40017 17,80105
104,16606 0,00000 0,00000
81,08565 2,05902 22,60132
67,36700 10,60803 19,22433
107,29028 0,00000 30,10175
97,93707 7,69533 21,30124
95,03875 8,67000 20,10117
109,48798 0,00002 27,60161
166,95386 6,66376 2,88071
131,14528 10,82108 16,85098
161,20651 4,43170 16,00093
125,33154 12,72894 1,99662
55,99640 2,81796 30,30178
135,70210 13,47688 11,39123
71,06205 8,86327 17,80105
81,08501 0,00000 22,60132
114,75371 0,00000 0,00000
102,11557 5,21186 32,70191
49,32802 0,00000 20,10117
86,44696 7,06717 22,30130
177,28630 5,35519 6,33901
107,29028 2,78422 30,10175
94,08350 10,79250 18,90110
125,33154 5,76000 17,62666
56,38397 3,50000 29,32688
81,08501 0,00000 30,20176
130,83117 11,70190 17,10100
31,17064 6,83437 5,30530
125,33154 10,31018 0,46144
34,50305 7,33106 17,05100
97,37102 8,99839 21,80127
86,42835 10,73616 17,60103
105,88037 4,92693 32,70191
70,81530 -7,30960 17,60103
81,81672 10,17190 19,80115
92,70884 13,43000 19,86496
110,83116 12,58190 19,55114
34,18911 8,21930 16,80099
44,41759 -5,24098 20,10117
47,62741 2,27500 22,50131
41,87604 2,34000 22,30130
82,30716 2,06209 22,60132
57,08174 2,60206 27,70161
133,01700 10,60697 16,77418
78,97693 10,17210 19,30113
55,99983 0,00000 26,34256
82,30716 2,06209 20,10117
55,98108 -0,29948 40,10233
71,51176 11,70307 17,80105
110,51700 11,28652 19,37600
62,39874 5,88000 17,60103
62,39874 13,65557 14,82494
73,79963 -5,87627 20,10117
72,94948 6,98519 0,51206
113,99564 0,00000 25,20147
112,30708 2,44563 20,10117
68,67193 12,15287 17,80104
131,71207 8,86213 16,35095
42,94447 2,86000 20,50120
73,80000 4,78000 20,10117
156,41483 9,91535 7,16967
98,67566 6,43872 20,30118
56,38397 0,00000 26,72673
114,75371 10,74638 0,45570
83,11778 15,10503 9,71642
156,41483 7,91823 2,05666
133,81709 3,89158 22,63415
71,80055 11,13628 19,80116
113,41621 0,00000 25,20147
101,19340 3,60085 35,10205
97,39029 0,00000 32,70191
128,87054 0,00000 20,18409
69,23872 9,87967 19,30113
71,06195 12,15287 17,80105
51,75305 0,00000 0,00000
99,49030 3,25000 32,60190
156,41483 9,83607 6,30212
97,89029 3,55000 32,70191
112,45065 12,01533 18,80110
52,07513 0,00000 22,60132
84,14861 0,00000 31,35183
73,79963 -7,30960 17,60103
105,08693 3,60085 35,10205
41,25696 0,00000 20,50120
49,50000 7,79838 19,20128
10,46575 5,51626 10,38317
61,48613 6,57823 22,60132
113,99564 15,26666 15,10088
101,19340 -3,60090 30,10175
50,99998 7,56656 18,97809
89,91360 13,43000 20,00116
209,33005 0,00000 13,71080
97,37028 6,43872 21,80127
116,17403 0,66569 22,70132
210,31089 1,54164 17,54644
110,51713 9,35383 17,80105
78,13883 11,36701 17,80104
78,10647 1,12783 22,70132
109,99854 1,15106 30,20176
5,10271 2,48984 8,74940
78,97693 11,99528 19,30113
103,75521 3,76295 37,60219
86,44700 7,16748 21,87615
111,71187 13,03248 17,80104
84,09788 0,40448 30,20176
45,99998 9,33056 19,02811
81,08501 4,78000 22,70132
81,80890 8,67000 20,10117
89,90477 9,31000 18,00105
131,14528 10,50691 16,85098
51,75305 3,81800 0,89549
77,81491 0,38259 22,60132
104,16606 15,65024 13,18976
104,29253 6,00577 27,60161
108,58346 12,01527 19,80116
77,67200 11,46748 19,37600
111,46205 0,00000 20,10117
-2,10176 0,65136 11,23057
82,20505 11,36700 17,80105
84,50797 0,40025 22,60132
42,81183 3,09468 17,60103
5,69855 0,35517 6,20877
32,30000 6,89952 16,72610
97,37028 8,26190 21,80127
96,70192 3,45618 20,30118
86,13284 5,87210 22,05129
137,83406 0,00000 17,71043
72,95242 14,50807 17,60103
46,00000 9,33190 19,38313
32,78385 7,01701 15,30090
78,97693 10,73867 19,30113
3,72944 0,12670 6,73269
51,75305 12,62335 13,10785
71,51176 11,70307 19,80116
49,49998 7,56656 18,97809
111,71207 12,58190 18,80110
54,70153 2,89000 20,10117
112,84190 0,00000 25,20147
51,00000 7,34339 19,20128
36,01187 8,66248 15,30089
69,84435 14,17716 17,80104
86,44700 7,09021 21,80131
86,44688 9,10017 22,30131
209,81497 0,00000 15,10183
114,75371 2,02000 20,10117
96,74200 7,24379 21,80131
110,83116 12,01533 19,55114
187,70753 0,00000 16,29484
93,68435 15,40312 15,10088
116,17403 0,66569 20,11078
77,52513 7,83952 20,10117
111,14528 9,74213 19,30113
68,67193 10,19392 18,80110
117,74190 0,00000 22,70132
50,74414 1,74231 22,60132
50,87604 10,79000 19,80115
83,77638 1,59545 22,60132
110,51700 11,48697 19,22433
97,27994 3,36161 32,60190
100,15589 2,79537 30,10175
208,07722 0,00000 6,41607
72,94653 3,36992 0,00000
112,84190 2,72594 25,20147
210,75921 0,00000 16,37305
104,16606 15,66413 14,89141
7,72980 0,45000 2,77231
86,44828 5,03576 20,30119
122,00846 1,69526 20,18409
66,25218 10,46792 17,80104
114,75371 15,20341 8,84775
130,51713 8,47383 17,35102
62,39874 9,10685 1,87309
114,75371 2,02000 17,60103
84,52626 0,00000 22,60132
88,38055 6,43873 22,30131
88,48005 7,06700 22,30131
80,14147 2,05902 22,70132
206,30309 0,24443 2,05118
53,39322 -1,07977 25,20148
111,14528 13,03248 19,30113
109,99854 1,15106 32,60190
88,09175 8,26207 22,30131
69,86700 10,68287 19,30161
105,40663 5,06731 27,70162
70,49517 12,44166 19,80116
78,51564 1,58814 22,70132
108,48396 11,38700 19,80116
154,05661 5,69290 16,00093
38,74982 0,00000 20,10117
77,67200 11,19021 19,30116
57,99517 -1,99516 27,80162
110,51700 11,48652 19,37600
128,87226 9,31193 17,35102
57,01187 8,45000 20,00116
101,35690 4,05000 37,60219
41,50797 11,25614 11,33751
97,05616 5,42213 22,05129
101,06349 4,82907 32,60190
69,23872 12,15287 19,30113
146,16183 11,86400 8,89694
116,17403 0,66569 17,61064
96,74212 5,03383 20,30119
110,64029 0,00000 30,10175
162,48544 2,40907 16,00093
49,50000 9,33190 19,43312
132,45065 11,13533 15,35089
150,62862 0,00000 16,00093
55,98260 5,24100 27,80162
49,49664 0,00000 22,60132
80,17188 13,40017 19,80115
5,10271 0,86038 6,97083
-3,03366 0,26931 14,69688
102,69029 4,30000 32,70191
51,75305 12,64188 14,78927
36,95000 1,38692 21,88328
100,15589 2,79537 22,70132
84,38321 0,76456 22,60132
36,85017 7,01699 15,30089
46,00000 9,82990 19,38313
133,81709 1,85041 22,63415
62,39874 13,64566 12,19220
125,33154 14,46267 6,25293
105,15690 4,05000 37,60219
106,90618 11,34692 17,60103
110,35152 0,83016 30,10175
107,51395 3,48779 37,70219
111,14528 10,19193 19,30113
92,70884 11,56250 19,86496
85,81872 8,71187 21,80127
35,44528 5,08334 15,30089
96,85561 1,36375 32,60190
72,95242 14,54634 9,71025
64,10153 5,08672 22,70133
20,83962 3,84370 5,25448
78,97693 13,01187 17,80104
32,88335 7,64528 15,30090
41,95000 1,38685 21,93327
15,65007 0,42150 2,15687
52,29649 0,92863 22,60132
43,39032 0,00000 20,10117
96,85561 1,36375 32,70191
72,95242 14,50807 15,10088
129,88885 8,57334 17,35102
111,14528 12,58190 19,30113
31,17064 9,26898 8,79965
99,95589 5,80000 22,70132
77,95870 8,67000 20,00116
5,10271 4,79617 13,00702
112,45066 10,75872 18,80110
68,67193 9,31310 18,80110
68,77680 5,09327 22,90133
177,28630 7,57402 14,95637
78,97693 12,56207 19,30113
33,62185 8,66173 16,30096
32,78385 7,01701 16,30096
38,74982 0,00000 20,10117
42,94447 2,86000 22,35130
121,86234 0,80395 20,18409
20,83962 7,18522 8,73441
56,62741 10,72500 20,00116
98,64999 11,93538 19,20122
7,72980 0,00000 3,45540
110,83116 10,19193 19,55114
49,49664 0,79421 20,10117
86,13284 8,26207 22,05129
63,06920 7,29489 22,60132
96,74069 2,79584 32,70191
35,44602 8,94839 15,30089
59,59841 2,37273 25,20147
60,91920 5,88000 22,60132
75,51300 3,76662 22,70132
111,71207 10,19193 18,80110
91,96381 7,01003 17,60103
3,02490 0,00000 4,60027
111,46205 0,00000 25,20147
81,08501 0,00000 31,35183
78,10647 1,12783 22,70132
71,80055 11,13628 17,80105
8,45121 0,00000 3,55021
44,12742 3,47845 17,60103
56,00176 3,50000 26,72480
31,17064 0,00000 0,00000
108,58346 12,01527 17,80105
50,21021 0,00000 22,60132
62,39874 10,71822 2,73396
137,42081 2,88000 17,70633
134,45000 3,61270 23,40006
98,67565 7,69533 20,30118
111,14602 13,31839 19,30113
7,39470 0,39976 0,10001
187,70753 3,05300 5,51239
100,15589 2,79537 35,10205
85,25193 8,26207 21,30124
70,81530 -7,30960 20,10117
146,16183 12,05499 11,39123
79,54372 13,01187 19,30113
85,81872 6,43867 21,80127
82,30716 2,06209 30,20176
133,01700 10,33213 16,85146
59,87865 5,88000 22,60132
-0,26033 3,55090 15,33057
79,85780 13,35041 19,55114
68,67193 9,31310 19,30113
134,45000 3,61270 20,18409
80,17200 11,19021 19,30116
80,97905 8,23720 20,10117
74,30000 8,67000 20,00116
133,72650 2,17070 20,18409
42,81183 3,09468 20,10117
42,48024 3,58000 20,10117
57,99464 1,99644 27,70161
55,99640 2,81796 27,70163
137,82111 0,71881 15,21029
127,12987 6,25412 17,63815
33,62195 5,37210 16,30096
114,34557 0,00000 25,20147
34,18911 6,70278 16,80099
73,80000 5,88000 17,60103
72,95242 14,51501 8,84992
109,80689 0,00000 37,60219
87,64195 8,71187 22,30131
104,16606 8,28000 17,60103
104,16606 8,71703 0,00000
15,65269 3,27714 6,10194
86,13284 6,75292 22,05129
86,40692 3,45618 20,30118
133,94568 1,42550 17,68085
49,79105 1,21337 22,60132
113,41621 2,67480 25,20147
75,40180 7,83327 20,30118
36,01187 8,66248 17,30101
99,24200 7,09213 21,80175
100,15690 0,00000 37,60219
146,16183 5,11544 0,00000
129,70604 0,00000 20,18409
100,15589 2,79537 22,60132
98,97922 0,00000 30,10175
100,15589 2,79537 35,10205
32,88335 7,64528 16,30096
40,45000 1,10738 21,70116
156,41483 9,94546 8,05389
97,37028 5,13334 21,80127
34,81690 7,01690 15,30089
55,62564 3,50000 26,72896
98,67566 6,43872 21,30124
109,80689 2,65000 37,60219
70,49480 8,57382 19,80116
113,41621 2,67480 20,10117
97,05616 7,06687 22,05129
67,36700 10,68287 19,30161
69,23872 12,44166 19,30113
20,83962 1,38323 3,49439
36,01207 5,37213 15,30089
208,29026 0,00000 8,09739
79,54372 11,68122 19,30113
123,38927 0,00000 20,18409
73,80000 5,88000 20,10117
84,02888 1,33846 22,60132
89,82825 7,38537 20,10117
100,74190 8,60000 22,70132
197,92268 2,27939 13,06709
135,70210 10,01090 0,97277
110,51573 13,41824 17,80105
50,56650 7,75750 18,90110
41,50797 9,92539 6,17935
103,10690 3,60085 37,60219
8,54701 0,45000 5,11816
83,84116 11,35035 17,60103
47,78431 1,75000 22,50131
50,72127 10,02000 19,35113
156,41483 8,62074 2,85022
177,28630 0,00000 0,00000
93,92873 10,79250 19,35113
116,17403 0,66569 25,20147
51,75305 12,62434 12,18183
31,17064 9,85722 12,13569
31,17064 5,50964 4,41092
81,36695 13,01187 19,80115
112,55017 11,38699 18,80110
132,16192 11,70190 16,35095
131,71207 10,50695 16,35095
77,28750 8,67000 20,10117
86,13280 9,05041 22,05129
166,95386 9,50496 14,93997
50,25696 8,45000 18,00105
47,78431 -1,75000 22,50131
125,33154 14,53623 12,21409
36,75065 7,64533 17,30101
46,54523 0,00000 22,50131
95,68105 9,50000 17,60103
100,08819 0,00000 40,10233
96,72335 9,50000 17,60103
74,90130 8,67000 20,00116
56,00000 -2,82159 27,80162
51,75305 12,62434 11,36769
109,48797 1,30498 30,10175
-0,84159 0,00000 9,11668
51,00000 9,10739 19,20128
6,81854 0,00000 0,10001
95,54706 5,42213 20,30119
20,83962 8,08375 11,30739
123,38927 4,26692 17,62426
68,12620 6,58892 22,70132
34,81562 9,04825 17,30102
72,95242 14,50013 7,99055
10,46575 0,42150 2,77461
45,63973 0,00000 20,10117
88,64155 12,43783 20,00116
88,94814 0,00000 20,10117
146,16183 0,00000 15,28748
104,16606 15,60927 8,85256
80,80017 13,30066 19,80115
73,80000 0,00000 22,60132
94,39304 11,56250 18,00105
208,86091 0,00000 11,46931
40,45000 1,15539 21,69968
41,95000 1,38488 21,47823
71,80055 9,87973 19,80116
177,28630 4,64311 2,89454
156,41483 11,15228 14,88803
48,34201 8,40533 17,60102
122,91600 5,73837 20,18409
41,25696 1,57000 20,50120
110,54404 0,46648 32,70191
34,63487 -10,41970 17,60103
69,86700 10,33121 19,30116
77,81491 0,38259 22,60131
162,78294 1,40254 15,54131
20,83962 4,96637 6,13066
99,95589 5,80000 22,60132
49,49998 9,82855 18,97809
113,99564 2,45000 20,10117
83,31025 1,85748 20,10117
95,54696 8,71173 22,30131
93,68118 10,04239 0,47887
78,55000 8,67000 20,10117
98,67565 7,69533 21,30124
52,97150 1,90291 22,70132
50,87604 10,02000 19,80115
110,54404 0,46648 32,60190
50,87604 6,11000 19,80115
100,27500 9,50000 20,10117
83,77638 0,00000 22,60132
55,53639 8,44965 20,00116
137,83406 0,00000 17,71043
81,36705 9,72227 19,80115
74,90130 9,37000 20,00116
51,75305 12,66349 17,60103
-2,39953 0,80587 12,02586
97,05616 7,69533 22,05129
111,71207 11,70108 18,80110
103,25519 5,42567 27,60161
95,03875 0,00000 20,10117
49,79105 1,21337 20,10117
80,14147 2,05902 22,60132
90,71941 11,38289 18,00105
116,29283 0,00000 20,11399
96,11422 9,00118 20,30119
98,64999 11,16538 19,20122
94,42419 0,00000 20,10117
46,54523 -2,86000 20,50120
79,54298 9,43561 19,30113
161,94278 0,00000 16,00093
58,60682 -1,07980 30,30177
121,45000 0,00000 20,18409
114,34557 2,28000 20,10117
108,48396 11,38700 17,80105
32,30000 6,97679 16,80094
86,44700 6,89021 21,80131
67,62560 5,88000 22,60132
81,08025 1,72697 30,20176
85,81798 5,13561 21,80127
137,42081 2,88000 15,20619
208,12846 0,34955 11,47050
2,42119 4,35795 15,31063
79,54372 12,56207 19,30113
51,94115 9,14250 19,85116
197,92268 1,41656 2,87773
5,10271 1,73206 7,88332
177,28630 0,97210 0,00000
51,00000 10,06038 19,20262
69,23872 10,19392 19,30113
208,67147 0,45898 13,67736
99,24200 6,89213 21,80175
131,14697 5,45262 20,18409
134,45000 0,62561 23,40006
96,74072 9,09824 20,30119
18,22774 0,42150 1,30049
41,87604 -0,70000 22,30130
34,50288 5,03359 17,05100
79,11478 1,93886 25,20147
130,83121 8,52359 17,10100
96,74200 6,96652 21,87615
46,00000 9,51238 19,20262
130,51700 10,68379 16,85102
58,64310 3,42201 25,20147
56,78431 6,68000 18,00105
57,99517 -1,99516 30,30177
75,56250 8,67000 20,00116
100,59333 3,70173 37,70219
34,77692 3,40618 15,30089
91,57728 15,19874 17,60103
67,36700 10,60848 19,37600
50,56650 10,02000 18,90110
134,45000 1,85041 23,40006
100,15589 -2,79540 30,10175
85,25193 5,87210 21,80127
122,91600 5,58632 22,79467
73,80000 4,78000 22,60132
65,22990 5,88000 22,70132
93,68435 15,37985 7,09467
92,70884 10,79250 19,86496
36,01207 5,37213 17,30101
91,96381 0,00000 20,10117
111,85685 1,81692 25,20147
55,61380 3,42201 25,20147
96,74204 7,06683 22,30130
56,38397 3,50000 26,72673
111,14528 11,70108 19,30113
114,75371 14,85000 15,10088
85,81872 7,38122 21,80127
78,10647 1,12783 22,60131
161,94278 3,49933 16,00093
33,62185 7,62450 16,30096
33,62185 8,21930 16,30096
79,54372 11,36709 19,30113
125,33154 5,76000 20,18409
154,05661 0,00000 16,00093
40,45000 0,87690 21,93166
125,33154 14,49943 8,86066
46,00000 6,89439 19,20128
81,08025 1,72697 31,35183
93,68435 15,37985 11,34417
101,52176 5,20188 32,70191
97,39029 0,95000 32,70191
50,74402 0,00000 27,70161
96,69499 1,70773 32,70191
83,99558 0,71135 31,35183
55,98286 0,30718 40,10233
110,47692 7,77618 17,80104
54,92022 -2,60681 27,70161
104,64665 5,41158 27,60161
116,17403 0,00000 25,20147
100,89029 4,30000 32,70191
83,61565 1,23743 30,20176
15,65269 4,19862 6,97934
97,37102 8,99839 20,30118
5,10271 3,18011 9,63037
45,63973 3,28119 20,10117
111,71187 13,03248 18,80110
104,16606 8,28000 20,10117
129,32197 12,15173 15,35090
83,13676 5,78350 0,00000
135,70210 13,51928 12,21013
197,92268 1,04734 1,06000
78,23834 11,99528 18,80110
20,83962 7,84425 10,37894
97,37028 8,71248 21,80127
49,50000 9,60539 19,20128
32,30000 7,09952 16,72610
5,10271 3,75072 10,38567
6,70418 0,39976 0,10001
10,46575 6,44846 15,25080
68,67193 9,87967 18,80110
113,01700 11,28652 19,37600
44,12742 3,47845 20,10117
101,19340 3,60085 30,10175
96,59041 2,08864 32,60190
34,81702 4,98383 15,30090
52,61064 0,32224 22,70132
10,46575 0,81290 5,20367
97,27994 3,36161 32,70191
98,82603 0,00002 27,70162
78,55000 8,67000 17,60103
51,94115 11,31000 19,85116
15,64431 0,00000 2,15435
150,77684 1,41772 15,34369
100,41116 7,04835 20,30118
135,70210 13,34160 7,16518
107,51986 0,00000 40,10234
104,16606 15,56550 5,40124
155,24391 6,11006 16,00093
133,45424 2,88000 20,18409
78,51564 1,58814 25,20147
50,99326 -1,07510 22,80133
109,48798 3,59986 27,60161
30,79952 -6,22487 15,30089
83,11778 15,07763 12,20518
68,67213 8,86252 18,80110
87,07516 9,00066 22,30131
85,81872 5,87210 21,80127
99,24200 6,96697 21,72447
97,93707 7,06695 21,30124
-2,88085 0,00000 12,02331
86,13284 7,38122 22,05129
131,14528 9,31193 16,85098
57,01187 8,45000 18,00105
6,70418 0,00000 5,93176
52,97150 0,00000 25,20147
104,55370 5,75241 27,60161
93,77396 11,94750 19,80115
106,90618 11,34692 17,80104
53,39322 -1,07977 27,70163
10,46575 3,56667 7,88080
125,33154 8,06687 0,00000
-1,62650 1,70060 12,02586
55,54523 11,31000 18,00105
10,46575 5,02577 9,63209
206,30980 0,00000 2,04751
54,92123 2,60779 27,80163
77,90919 0,76981 30,20176
92,70884 9,31000 19,86496
53,54933 3,19802 17,60103
124,07225 0,00000 20,18409
130,51705 10,50683 17,35102
46,54523 2,86000 20,50120
45,99998 7,56656 19,02811
78,97693 12,56207 18,80110
34,18873 5,08334 16,80099
131,71207 8,86213 15,35089
116,29283 0,00000 25,20147
7,39470 0,39976 3,55021
34,80000 6,89997 16,87778
72,95242 0,00000 22,60132
129,32207 8,86213 15,35090
130,83117 9,31193 17,10100
100,41116 7,04835 17,60103
70,49517 12,44166 17,80105
121,45000 3,89158 23,66385
51,26809 0,00000 22,60132
95,54706 5,42213 22,30131
122,76827 3,44136 20,18409
131,14697 5,45262 17,66325
47,34924 -2,86000 20,50120
103,61429 6,01600 27,60161
63,97079 7,06271 22,70132
68,67193 11,70307 19,30113
-0,26033 3,25159 12,98884
95,09726 5,87193 22,30131
110,64029 0,00000 32,60190
5,10276 0,00000 6,49711
51,96041 1,20625 22,70132
69,03872 10,50809 19,30113
70,81530 -5,87627 17,60103
197,92268 4,59126 16,76595
114,75371 2,02000 22,70132
78,14301 0,35333 31,35183
110,83116 11,38687 19,55114
46,00000 9,65539 19,20128
208,15396 0,10687 7,26812
83,94700 7,09021 21,80131
109,48797 0,00000 35,10205
-0,26033 2,95052 12,02331
47,62741 -2,28000 22,50131
97,93707 6,43872 21,30124
208,07706 0,22887 6,41352
89,90477 13,43000 18,00105
63,97079 7,06271 22,60132
7,78423 1,68213 6,96975
63,03132 5,09213 22,90133
53,39322 -1,07977 27,80163
84,22850 1,07397 22,60132
71,80055 9,87973 17,80105
114,75371 15,01353 4,56784
40,45000 1,38541 21,47823
34,80000 7,02513 16,80050
31,17064 9,78159 11,31019
150,77684 0,00000 16,00093
93,68435 0,00000 20,10117
135,70210 13,27263 6,30212
129,32197 12,15173 17,35102
99,24200 7,16697 21,72447
69,86696 10,50817 19,80116
72,95242 14,50807 14,82620
61,97819 5,08046 22,90133
110,51700 11,56379 19,30116
208,12849 0,21374 7,26759
108,87226 10,19193 19,80116
80,80017 13,30066 17,80105
162,91353 0,00000 16,00093
82,10554 11,99528 19,80115
103,60011 0,00000 20,10117
197,92268 3,17733 14,99773
81,81675 12,56207 17,80105
34,18873 5,08334 15,30090
79,54372 10,17210 19,30113
100,15589 0,00000 35,10205
78,47180 1,06207 31,35183
114,75371 2,02000 25,20147
69,23872 11,70307 19,30113
101,35690 4,05000 37,70219
135,70210 2,88000 17,69171
123,38927 4,26692 20,18409
134,45000 1,85041 20,18409
79,54372 13,30066 19,30113
108,87226 10,19193 17,80105
83,11778 13,80924 2,76445
68,22208 9,31310 18,80110
93,68435 15,37211 13,16437
83,99558 0,71135 30,20176
20,83962 8,38873 15,13727
2,42119 4,28624 14,70583
52,63021 -0,00005 22,70132
187,70753 2,01692 1,05341
53,17842 -0,00002 25,20148
113,01700 11,48652 19,37600
31,17064 0,00000 20,10117
84,02888 0,00000 22,60132
79,85784 11,68122 19,55114
20,83962 8,18814 12,09025
130,51682 5,79000 20,18409
62,39874 13,58371 7,98390
62,39874 13,47394 7,08666
-1,98181 2,25178 14,69454
86,44700 6,96703 21,72447
129,88885 8,57334 15,35090
122,32262 0,00000 20,18409
107,29028 2,78422 32,70191
51,76210 0,00000 22,60132
2,41860 0,00000 7,32688
49,95179 0,00000 22,80132
77,79465 -0,00005 25,20147
101,19340 3,60085 20,10117
133,15367 3,46360 20,18409
79,43627 1,69044 30,20176
114,75371 14,31103 2,78924
100,15686 0,00000 37,60219
78,51564 1,58814 22,60131
109,48797 1,96993 30,10175
76,42500 8,67000 20,00116
99,24200 7,16652 21,87615
100,15589 0,00000 30,10175
93,68435 0,00000 0,00000
20,83962 0,42150 0,00000
98,97922 0,88163 30,20176
31,17064 8,92444 7,92309
46,54523 2,86000 22,50131
68,22213 11,70307 18,80110
85,25193 7,38122 21,30124
125,33154 14,59288 14,91621
131,14528 8,86213 16,85098
129,70604 6,07143 15,15497
46,00000 7,24938 19,20128
115,85401 1,22721 25,20147
207,39134 0,00000 3,65903
110,51700 11,41213 19,30161
85,25193 5,87210 21,30124
3,02490 0,00000 1,60009
166,95386 5,97129 2,05666
67,36700 10,48287 19,30161
78,23834 11,99528 17,80104
49,79565 0,00000 20,50120
156,41483 10,24129 11,39532
2,42119 3,39022 11,24974
162,78294 1,40254 16,00093
156,41483 9,48381 4,59833
68,12620 6,58892 22,60132
130,51682 0,00000 20,18409
55,99760 0,00000 27,10094
50,25696 10,48000 18,00105
3,72944 0,12670 3,55021
70,83250 7,06271 22,60132
79,85784 10,73867 19,55114
151,12576 0,00000 16,00093
130,12944 4,99508 22,61503
110,83116 11,70108 19,55114
10,46575 6,19665 12,07659
98,38692 8,26190 21,30124
32,30000 7,17679 16,80094
51,75305 12,34882 7,96405
79,54372 11,99528 19,30113
125,33154 8,70000 15,12652
94,70896 7,06700 20,30119
187,70753 4,51734 13,29093
49,35870 0,36257 20,10117
105,08693 3,60085 20,10117
51,75305 12,52716 8,83522
69,55284 9,87967 19,55114
166,95386 7,36626 4,61865
86,44700 7,04187 21,80175
83,11778 15,09609 17,60103
47,62741 2,27500 20,50120
128,48397 10,50700 17,35102
42,94447 -2,86000 22,35130
109,48797 -1,96990 30,10175
41,50797 11,31230 14,78926
89,82825 7,38537 17,60103
7,39470 0,00000 5,72008
57,07978 -2,60681 25,20147
38,74982 10,95284 15,10088
97,27994 3,36161 30,20176
103,94336 6,07906 27,60161
132,16192 11,70190 15,35089
80,18484 8,10231 20,10117
114,75371 15,19467 12,21853
41,50797 10,74855 7,97548
156,42546 3,17900 0,00000
-2,87428 0,49686 12,98712
97,03439 3,13586 30,20176
128,87054 6,30643 17,64863
109,59030 1,30000 32,70191
58,60682 -1,07980 27,80162
134,45000 4,36070 20,18409
88,66569 10,40000 20,00116
99,42218 5,06731 27,60161
130,51682 5,79000 15,15904
7,72980 0,45000 3,45540
128,96347 6,61952 17,64963
-1,43237 1,40484 11,23265
76,44952 8,91513 20,10117
56,62741 6,17000 20,00116
9,51111 1,08346 5,92844
5,69855 0,00000 6,20877
125,33154 14,50224 11,37402
59,59841 0,00000 25,20147
126,23856 0,00000 20,18409
44,12742 0,00000 20,10117
7,39470 0,39976 5,72008
125,33154 14,53056 13,19512
-0,26033 0,00000 15,33057
73,79963 -7,30960 20,10117
111,71207 12,01533 18,80110
99,24200 7,04379 21,80131
106,39265 4,75502 32,60190
128,87054 6,30643 20,18409
83,94700 6,96703 21,72447
107,51986 0,00000 37,60219
94,80846 7,69527 22,30131
109,48797 1,30498 30,20176
197,92268 1,43419 8,97861
83,32338 1,44932 31,35183
112,16187 10,19193 17,80104
109,99854 1,15106 32,70191
161,94278 3,49933 15,52441
82,93062 1,62417 31,35183
131,71207 9,31193 16,35095
104,70690 3,60085 37,60219
73,80000 4,78000 22,60132
98,80000 0,00000 20,10117
-0,26033 3,49418 14,70272
95,09726 5,87193 20,30119
54,92022 -2,60681 27,80162
54,00460 1,99491 27,70163
38,74982 -3,56600 15,10088
77,90919 0,76981 22,70132
59,87865 0,00000 22,60132
133,81709 3,61270 22,63415
83,31025 1,85748 22,60132
98,38687 5,87193 20,30118
86,40692 3,45618 17,60103
177,28630 5,99917 11,42565
110,54404 0,46648 30,10175
80,17200 11,46703 19,22433
69,82292 6,89718 17,80104
109,32206 9,74213 17,80105
86,13284 7,69528 22,05129
62,39874 13,65583 11,36840
53,17842 -0,00002 27,70163
115,30457 0,00000 25,20147
115,30457 1,68006 25,20147
69,86829 8,47676 17,80105
49,50000 7,29938 19,20128
46,00000 7,39339 19,20128
77,95870 9,37000 20,10117
50,72127 6,88000 19,35113
96,74200 7,16652 21,87615
99,24200 6,96652 21,87615
84,22850 1,07397 30,20176
83,94700 7,24187 21,80175
34,79835 10,68616 15,30089
77,91875 8,67000 20,10117
68,82740 7,06271 22,60132
79,85784 9,72152 19,55114
97,37028 5,42213 21,80127
96,74200 7,04379 21,80131
57,99464 1,99644 27,80162
116,29283 0,00000 17,61384
86,44700 6,96748 21,87615
97,05620 5,08359 22,05129
205,35196 0,16995 1,06025
133,01700 10,68379 16,85102
62,39874 13,65583 15,10088
115,85401 1,22721 17,60744
121,45000 4,06070 20,18409
133,81709 0,00000 22,63415
64,69508 6,58892 22,70132
110,35152 0,83016 32,60190
46,00000 7,06890 19,38313
33,62185 6,70278 16,30096
35,44528 5,08334 17,30101
84,51335 6,43867 21,30124
59,59841 2,37273 22,70132
126,90184 5,58632 22,79467
137,63992 2,15545 15,20929
7,39470 0,39976 4,60027
68,67193 10,50805 18,80110
85,25193 6,43867 21,30124
41,87604 1,57000 22,30130
68,67193 10,82222 18,80110
205,34604 0,00000 1,06025
81,80890 8,67000 17,60103
135,70210 12,92609 4,57800
52,21276 0,00000 22,60132
131,66853 5,07250 20,18409
166,95386 1,68249 0,00000
85,81872 5,42152 21,80127
54,70153 2,89000 22,60132
117,74190 1,55000 22,60132
42,94447 0,70000 22,35130
50,72127 9,14250 19,35113
135,70210 12,09312 2,78924
109,80689 2,65000 37,70219
62,39874 0,00000 22,60132
49,35870 0,00000 22,60132
208,20938 0,10363 8,09704
206,96374 0,26551 2,87873
207,97500 0,12200 5,56349
1,16439 0,00000 7,87442
65,22990 5,88000 22,60132
5,69855 0,35517 1,60009
34,80000 7,17679 16,80094
94,39304 12,60000 18,00105
131,14697 0,00000 20,18409
36,95000 0,88190 21,88328
131,71207 10,19278 16,35095
131,14528 10,19278 16,85098
131,14528 9,87872 16,85098
132,16187 9,31193 15,35089
69,55313 8,52668 19,55114
203,46990 0,03928 0,00000
211,96483 0,00000 17,66696
104,29253 6,00577 27,70162
208,17943 0,00000 7,26866
77,90919 0,76981 22,60131
3,72944 0,12670 1,60009
97,93707 6,75278 21,30124
41,56650 1,57000 21,40125
94,80847 6,43872 20,30119
130,51690 10,50690 15,35089
114,75371 15,23302 14,88752
133,94568 0,00000 20,18409
132,71288 4,07003 17,67373
121,82611 0,00000 20,18409
31,17064 3,58000 17,60103
27,93188 3,58000 17,61263
161,20651 0,00000 16,00093
77,67200 11,39021 19,30116
81,08501 4,78000 22,60132
74,90130 9,37000 20,10117
51,00000 7,29938 19,20128
84,80208 5,87210 21,30124
31,17064 9,91605 13,09735
88,17157 8,67000 17,60103
33,17215 5,82194 15,30090
98,38692 8,26190 20,30118
130,83117 12,15248 17,10100
124,07225 4,93762 20,18409
121,86234 0,00000 20,18409
45,99998 7,06756 19,02811
57,07978 -2,60681 30,30177
105,15690 4,05000 37,70219
96,74072 9,09824 22,30131
135,70210 13,40620 8,86005
109,48797 1,96993 35,10205
33,62185 7,01692 16,30096
111,58281 0,00000 25,20147
54,71493 8,44964 18,00105
96,11384 5,13334 20,30119
114,75371 8,38411 0,00000
96,85561 1,36375 30,10175
51,75305 2,89000 20,10117
85,81872 8,26207 21,80127
161,20651 4,43170 15,50840
75,56250 8,67000 20,10117
54,70153 2,89000 17,60103
79,85784 10,17210 19,55114
85,25193 7,06705 21,30124
83,11778 15,09734 11,35853
72,95242 5,88000 20,10117
83,11778 8,67000 20,10117
112,16187 10,19193 18,80110
96,74069 2,79584 30,20176
49,50000 10,06038 19,20262
130,51682 5,79000 17,65919
-3,05124 0,00000 15,34769
38,74982 10,95284 17,60103
50,99998 9,82855 18,97809
146,16183 9,73471 2,04650
36,75066 6,38872 15,30089
84,02888 1,33846 22,60132
117,74185 -0,00004 25,20147
54,00486 -1,99517 27,80163
93,68435 15,37985 7,98834
83,11778 15,09200 7,98864
59,59841 0,00000 22,70132
73,80000 0,00000 22,60132
10,46575 1,43995 6,07114
108,87229 12,58210 19,80116
50,99998 7,06756 18,97809
162,91353 0,00000 15,54281
58,82156 0,00009 27,80162
83,84946 0,97439 30,20176
51,00000 9,82990 19,43312
34,63487 -10,41970 15,10088
58,60682 -1,07980 25,20147
98,97922 0,00000 30,20176
134,05527 0,71683 17,68266
133,01700 10,40652 16,92586
97,05616 8,26190 22,05129
8,45121 0,39976 3,55021
131,66853 0,00000 20,18409
104,65522 5,06731 27,70162
97,93707 6,43872 21,80127
73,53216 10,48935 17,80104
126,61426 3,89158 23,66385
97,39029 0,95000 30,10175
-3,04639 0,00000 14,69711
50,87604 8,45000 19,80115
68,82740 7,06271 22,70132
88,94814 7,92897 17,60103
88,09172 5,87190 22,30131
59,87865 5,88000 22,70132
101,75000 0,00000 20,10117
83,94700 7,16703 21,72447
84,02888 1,33846 20,10117
31,17064 0,69917 0,86772
33,62185 5,82450 16,80099
96,70192 3,45618 17,60103
85,25213 5,42152 21,30124
98,82603 4,44823 27,70162
3,02490 0,00000 3,55021
85,25193 8,71187 21,30124
29,75180 -7,30673 15,10088
88,82259 12,92663 18,00105
78,97693 11,68122 18,80110
114,75371 15,19127 6,25293
81,08565 2,05902 22,60131
2,42119 2,20412 9,63037
54,92022 -2,60681 30,30177
41,87604 -1,57000 22,30130
54,00486 -1,99517 30,30178
93,92873 11,56250 19,35113
108,87229 12,58210 17,80105
100,15690 0,00000 37,70219
51,75305 12,66349 15,10088
208,40916 0,00000 8,96267
99,49030 3,25000 32,70191
89,16261 9,31000 20,00116
109,88884 9,45334 19,80116
36,85017 7,01699 17,30101
32,30000 6,82513 16,80050
51,00000 7,56790 19,43312
77,67200 11,34187 19,30161
102,11557 5,21186 32,60190
115,85401 1,22721 20,10758
52,48644 0,64370 22,70132
83,94700 7,16748 21,87615
100,27500 9,50000 17,60103
8,04318 0,00000 5,72008
151,61780 3,50011 16,00093
103,04190 8,60000 22,70132
72,13440 5,88000 22,60132
69,55284 10,50813 19,55114
86,13284 7,06713 22,05129
71,51173 9,31290 19,80116
77,90919 0,76981 22,60132
35,44602 8,94839 17,30101
53,17842 -0,00002 30,30178
82,30776 1,71966 31,35183
36,46187 5,82193 15,30089
61,36064 0,00000 27,80162
134,09669 0,00000 17,68447
166,95386 8,38527 12,27733
125,33154 0,00000 20,18409
76,44327 6,79180 20,30118
77,52513 7,83952 20,30118
34,18911 8,95118 16,80099
8,54701 0,45000 2,77289
146,16183 12,13996 12,23130
31,17064 8,42787 7,02740
177,28630 3,11856 1,03996
104,16606 15,66413 17,60103
36,46192 8,21190 15,30089
209,52491 0,34160 15,08812
110,83116 10,75872 19,55114
52,29649 0,92863 22,70132
41,50797 6,97170 3,57216
97,05616 5,87193 22,05129
83,11778 14,37292 3,65199
45,63973 3,28119 17,60103
97,05616 8,71248 22,05129
42,94447 1,57000 22,35130
51,96041 1,20625 22,60132
203,38860 0,00000 0,00000
53,39329 1,07985 25,20148
133,15367 3,46360 17,67553
49,50000 9,82990 19,43312
62,09582 7,04887 22,60132
113,01700 11,21213 19,30161
80,79979 9,43282 17,80105
206,95933 0,00000 2,87432
125,33154 13,47806 2,78924
122,32262 2,58658 17,62266
41,50797 3,58000 17,60103
84,14861 0,00000 30,20176
42,94447 -2,86000 20,50120
93,67799 7,90154 0,00000
77,90919 0,76981 25,20147
50,56650 6,88000 18,90110
110,51704 11,38683 19,80116
105,88037 4,92693 32,60190
58,64310 3,42201 22,70132
130,51682 5,79000 17,65919
82,10554 11,99528 17,80105
27,93188 0,00000 20,11277
51,94447 11,31000 18,00105
80,17200 11,46748 19,37600
20,83962 8,26330 13,06094
80,17196 11,36717 19,80115
41,95000 0,87690 21,93166
129,70604 6,07143 17,65512
5,10271 5,04264 14,70583
81,36705 9,72227 17,80105
107,29028 2,78422 30,20176
78,85175 1,42740 31,35183
134,05527 0,71683 20,18409
45,99998 9,82855 19,02811
73,80000 5,88000 22,60132
50,74402 0,00000 27,80162
63,01967 4,03900 22,90133
208,12846 0,62274 13,64391
41,50797 3,58000 20,10117
109,32196 13,03173 19,80116
49,49664 0,79421 22,60132
31,17064 7,73759 6,13870
10,46575 0,00000 15,25080
122,00846 1,69526 17,62186
100,15690 2,90000 37,70219
205,35788 0,33991 1,06025
103,25519 5,42567 27,70162
40,45000 1,61038 21,70115
150,62862 0,00000 15,34149
68,67193 11,70307 18,80110
99,42218 5,06731 27,70162
72,95242 5,88000 17,60103
122,76827 0,00000 20,18409
79,46648 3,76662 25,20147
109,32206 9,74213 19,80116
93,65000 11,53039 19,20256
13,04834 0,42150 2,60098
69,23872 9,31310 19,30113
114,34557 15,07712 17,60103
5,82315 0,00000 0,10001
160,21779 5,25434 16,00093
76,44952 8,91513 20,30118
88,82862 12,92060 20,00116
155,24391 6,11006 15,39510
73,80000 8,67000 20,10117
41,25696 0,70000 20,50120
100,15686 0,00000 35,10205
108,58347 10,75872 17,80105
69,23798 8,57661 19,30113
116,29283 0,00000 25,20147
93,77396 11,37000 19,80115
131,14528 8,57334 16,85098
56,78431 6,68000 20,00116
41,50797 0,00000 20,10117
36,46187 5,82193 17,30101
58,95865 8,43660 17,60103
80,17200 11,26703 19,22433
69,82993 5,10493 22,90133
100,15589 0,00000 30,10175
133,72650 0,00000 20,18409
93,68435 11,83099 0,97879
33,62185 7,62450 16,80099
38,74982 3,58000 17,60103
97,05587 9,04832 22,05129
132,45066 9,87872 15,35089
137,83406 0,00000 15,21029
55,99640 2,81796 27,80163
8,54701 0,45000 3,45540
95,54696 8,71173 20,30119
177,28630 8,22549 15,91855
78,85175 1,42740 30,20176
113,01700 11,56379 19,30116
79,54372 11,05292 19,30113
80,17200 11,26748 19,37600
84,50797 0,40025 20,10117
113,99564 2,45000 25,20147
31,17064 9,97487 14,78239
81,36695 13,01187 17,80105
93,68435 15,40312 17,60103
146,16183 12,57261 14,92781
96,74200 6,96697 21,72447
166,95386 8,15483 11,39532
2,42119 4,02388 12,99793
81,08565 2,05902 22,70132
156,41483 10,03559 9,76922
34,50305 7,01686 17,05100
105,08693 3,60085 35,10205
207,39096 0,22768 3,65838
50,99952 1,07513 22,60131
116,17403 0,66569 25,20147
71,90005 10,50800 17,80105
34,50305 7,62450 17,05100
29,75180 -7,30673 15,30089
80,14462 3,52130 25,20147
88,85000 9,89000 18,00105
95,41875 11,35728 17,60103
80,13770 1,73428 30,20176
111,46205 0,00000 25,20147
110,64029 0,00000 32,70191
57,99517 -1,99516 25,20147
71,06205 8,86327 19,80116
50,25696 7,75750 18,00105
89,16261 9,31000 18,00105
56,00000 -2,82159 25,20147
77,28750 9,87000 20,10117
40,45000 0,65239 21,69982
111,71207 12,01533 19,30113
156,41483 10,37354 12,25422
101,19340 -3,60090 20,10117
127,12987 0,00000 20,18409
98,82603 4,44823 27,60161
93,77396 12,91000 19,80115
56,00965 0,00000 27,80162
91,57728 15,19874 18,00105
204,46070 0,00000 0,53922
146,16183 12,25892 13,21806
150,77684 1,41772 16,00093
134,05527 0,00000 20,18409
-0,26035 0,00000 8,72355
131,71207 11,13533 16,85098
95,09728 8,26210 22,30131
50,25696 6,42000 18,00105
100,27500 0,00000 20,10117
110,51690 11,38690 17,80104
56,78431 10,22000 18,00105
71,06195 12,15287 19,80116
27,93188 0,00000 17,61263
82,30716 0,00000 22,60132
69,55284 10,82222 19,55114
135,70210 11,25011 2,00584
55,61380 3,42201 22,70132
114,75371 14,85000 17,60103
115,85401 0,00000 25,20147
187,70753 2,58331 2,07699
58,60682 -1,07980 27,70161
55,99993 -0,00041 30,30177
114,75371 15,22735 15,10088
112,84190 2,72594 17,60103
197,92268 0,00000 0,00000
131,14528 11,13533 16,85098
114,75371 15,20421 9,71052
111,71207 12,58190 19,30113
78,97693 10,73867 18,80110
115,85401 1,22721 22,70132
46,81232 2,57055 20,10117
41,25696 -2,03000 20,50120
34,80000 6,82513 16,80050
70,49480 8,57382 17,80105
85,25193 7,69528 21,80127
92,86980 7,13946 20,10117
34,18911 8,66173 16,80099
10,46575 2,50388 6,96867
50,99998 9,33056 18,97809
133,01700 10,40697 16,77418
83,61565 1,23743 31,35183
112,55017 11,38699 17,80104
111,71207 10,19193 19,30113
125,33154 8,70000 17,62666
-1,78734 1,96274 12,98712
83,11778 15,08155 14,82086
128,05771 6,32718 20,18409
38,48616 6,99835 15,10088
73,53216 10,48935 17,60103
7,39470 0,39976 1,60009
111,58281 0,97711 20,10117
72,13440 5,88000 22,70132
77,67200 11,26748 19,37600
96,69499 1,70773 30,20176
77,81491 0,38259 30,20176
130,83117 8,86213 17,10100
132,71288 0,00000 20,18409
69,55284 11,13628 19,55114
87,83543 11,33495 18,00104
130,51700 10,60652 16,92586
58,60695 1,07944 27,70161
156,41483 11,34432 15,40808
98,77517 7,06699 20,30118
61,97819 5,08046 22,70132
177,28630 5,41680 7,22491
97,37028 5,87193 21,80127
137,76935 1,44360 15,20929
68,67193 9,87967 19,30113
160,21779 5,25434 15,48690
97,93707 5,87193 21,80127
57,07978 -2,60681 27,70161
135,70210 8,99025 0,47291
