Station :0,000
Number of segments :1
   Segment 1
       0,000   15,328
       0,822   15,327
       1,701   15,327
       2,602   15,328
       3,524   15,328 (knuckle)
       3,489   14,992
       3,427   14,521
       3,380   14,200
       3,323   13,839
       3,259   13,468
       3,190   13,115
       3,118   12,802
       3,043   12,527
       2,963   12,281
       2,878   12,055
       2,786   11,840
       2,686   11,633
       2,576   11,429
       2,454   11,226
       2,320   11,021
       2,172   10,815
       2,012   10,613
       1,840   10,415
       1,655   10,221
       1,057    9,618
       0,841    9,406
       0,239    8,823
       0,000    8,574
-------------------------------

Station :10,000
Number of segments :2
   Segment 1
       0,000   15,249
       1,669   15,249
       3,310   15,249
       4,863   15,250
       6,266   15,251 (knuckle)
       6,253   14,957
       6,225   14,519
       6,171   13,859
       6,100   13,146
       6,061   12,837
       6,020   12,566
       5,974   12,323
       5,922   12,099
       5,861   11,886
       5,793   11,680
       5,718   11,475
       5,546   11,053
       5,349   10,620
       5,241   10,409
       5,128   10,205
       5,006   10,006
       4,729    9,590
       4,256    8,915
       4,103    8,708
       3,939    8,504
       3,759    8,299
       3,561    8,087
       3,346    7,870
       3,115    7,648
       2,868    7,420
       2,017    6,657
       1,715    6,383
       1,462    6,141
       1,273    5,944
       1,120    5,763
       0,987    5,578
       0,867    5,383
       0,763    5,182
       0,681    4,977
       0,619    4,771
       0,573    4,561
       0,539    4,347
       0,514    4,129
       0,482    3,697
       0,435    2,774 (knuckle)
       0,000    2,770

   Segment 2
       0,000    0,100
       0,090    0,100 (knuckle)
       0,090    1,529
       0,090    1,836
       0,090    2,107
       0,090    2,333
       0,090    2,505
       0,090    2,728 (knuckle)
       0,000    2,728
-------------------------------

Station :20,000
Number of segments :1
   Segment 1
       0,000    0,415
       0,422    0,415 (knuckle)
       0,432    1,254
       0,449    1,607
       0,483    1,892
       0,537    2,122
       0,612    2,316
       0,707    2,493
       0,822    2,670
       1,107    3,065
       1,275    3,278
       1,459    3,496
       1,661    3,714
       1,880    3,933
       2,120    4,153
       2,381    4,372
       2,664    4,591
       3,559    5,249
       3,843    5,468
       4,114    5,686
       4,374    5,904
       4,864    6,339
       5,095    6,557
       5,317    6,776
       5,530    6,996
       5,732    7,219
       5,925    7,443
       6,108    7,666
       6,443    8,103
       6,593    8,314
       6,729    8,520
       6,850    8,725
       6,959    8,937
       7,177    9,395
       7,286    9,635
       7,502   10,153
       7,626   10,516
       7,697   10,760
       7,759   11,005
       7,865   11,480
       7,944   11,908
       7,975   12,123
       8,027   12,595
       8,073   13,180
       8,118   13,894
       8,153   14,538
       8,183   15,157 (knuckle)
       6,105   15,157
       4,050   15,157
       2,023   15,156
       0,000   15,155
-------------------------------

Station :30,000
Number of segments :1
   Segment 1
       0,000    0,000
       0,485    0,000 (knuckle)
       0,623    0,568
       0,713    0,845
       0,831    1,117
       0,989    1,388
       1,194    1,660
       1,550    2,018
       1,958    2,348
       2,295    2,599
       2,639    2,836
       2,990    3,064
       4,060    3,737
       4,756    4,183
       5,433    4,628
       6,069    5,069
       6,360    5,287
       6,629    5,503
       6,876    5,717
       7,104    5,932
       7,317    6,147
       7,516    6,365
       7,703    6,584
       7,878    6,805
       8,040    7,027
       8,190    7,250
       8,329    7,473
       8,577    7,917
       8,788    8,353
       8,967    8,785
       9,121    9,231
       9,192    9,483
       9,263    9,773
       9,404   10,475
       9,523   11,175
       9,592   11,707
       9,631   12,153
       9,663   12,627
       9,694   13,211
       9,724   13,921
       9,764   15,109 (knuckle)
       7,827   15,109
       5,993   15,108
       3,580   15,106 (knuckle)
       3,580   17,606 (knuckle)
       3,580   20,106 (knuckle)
       1,772   20,106
       0,000   20,106
-------------------------------

Station :40,000
Number of segments :3
   Segment 1
       1,330   21,569
       1,385   21,557
       1,439   21,569
       1,486   21,602
       1,519   21,649
       1,531   21,703
       1,519   21,757
       1,486   21,805
       1,439   21,839
       1,386   21,851
       1,331   21,838
       1,284   21,804
       1,250   21,756
       1,237   21,702
       1,249   21,648
       1,283   21,601
       1,330   21,569

   Segment 2
       0,980   21,804
       0,933   21,838
       0,879   21,851
       0,825   21,838
       0,778   21,804
       0,745   21,756
       0,732   21,701
       0,744   21,648
       0,777   21,601
       0,824   21,568
       0,878   21,556
       0,932   21,568
       0,980   21,602
       1,014   21,648
       1,027   21,702
       1,014   21,757
       0,980   21,804

   Segment 3
       0,000    0,000
       0,609    0,000 (knuckle)
       0,939    0,328
       1,228    0,561
       1,730    0,926
       2,029    1,130
       2,360    1,346
       2,718    1,568
       3,100    1,791
       3,498    2,011
       3,910    2,228
       5,190    2,884
       6,030    3,331
       6,427    3,555
       6,802    3,778
       7,154    4,000
       7,483    4,221
       7,790    4,441
       8,077    4,659
       8,342    4,875
       8,587    5,092
       8,812    5,307
       9,018    5,523
       9,207    5,739
       9,380    5,956
       9,539    6,174
       9,686    6,393
       9,822    6,614
      10,063    7,060
      10,267    7,508
      10,439    7,950
      10,580    8,381
      10,696    8,807
      10,792    9,255
      10,876    9,805
      10,951   10,503
      11,007   11,194
      11,035   11,731
      11,082   13,225
      11,111   14,563
      11,114   15,101 (knuckle)
      11,114   17,601 (knuckle)
       3,580   17,601 (knuckle)
       3,580   20,101 (knuckle)
       0,000   20,101
-------------------------------

Station :50,000
Number of segments :5
   Segment 1
       7,070   19,356
       7,014   19,343
       6,966   19,308
       6,932   19,259
       6,919   19,203
       6,932   19,147
       6,965   19,099
       7,014   19,065
       7,069   19,052
       7,125   19,065
       7,174   19,099
       7,209   19,147
       7,222   19,203
       7,209   19,259
       7,175   19,308
       7,126   19,343
       7,070   19,356

   Segment 2
       7,569   19,356
       7,513   19,343
       7,465   19,308
       7,431   19,259
       7,418   19,203
       7,431   19,147
       7,464   19,099
       7,513   19,065
       7,568   19,052
       7,624   19,065
       7,673   19,099
       7,708   19,147
       7,721   19,203
       7,708   19,259
       7,674   19,308
       7,625   19,343
       7,569   19,356

   Segment 3
       9,831   19,356
       9,775   19,343
       9,727   19,308
       9,693   19,259
       9,680   19,203
       9,693   19,147
       9,726   19,099
       9,775   19,065
       9,830   19,053
       9,886   19,066
       9,935   19,100
       9,970   19,148
       9,983   19,204
       9,970   19,259
       9,936   19,308
       9,887   19,343
       9,831   19,356

   Segment 4
       9,333   19,356
       9,277   19,343
       9,229   19,308
       9,195   19,259
       9,182   19,203
       9,195   19,147
       9,228   19,099
       9,277   19,065
       9,332   19,053
       9,388   19,066
       9,437   19,100
       9,472   19,148
       9,485   19,204
       9,472   19,259
       9,438   19,308
       9,389   19,343
       9,333   19,356

   Segment 5
       0,000    0,000
       0,857    0,000 (knuckle)
       2,197    0,447
       2,874    0,680
       3,666    0,977
       4,651    1,375
       5,707    1,824
       6,689    2,266
       7,142    2,483
       7,569    2,700
       7,970    2,919
       8,346    3,140
       8,699    3,361
       9,029    3,583
       9,337    3,805
       9,623    4,027
       9,887    4,248
      10,128    4,467
      10,346    4,683
      10,543    4,898
      10,721    5,112
      10,882    5,326
      11,029    5,540
      11,283    5,970
      11,495    6,404
      11,674    6,844
      11,828    7,290
      11,960    7,738
      12,071    8,180
      12,159    8,612
      12,224    9,044
      12,249    9,275
      12,288    9,824
      12,320   10,523
      12,341   11,217
      12,377   14,564
      12,390   15,101 (knuckle)
      12,390   17,601 (knuckle)
       2,890   17,601 (knuckle)
       2,890   20,101 (knuckle)
       1,399   20,101
       1,424   20,101
       1,364   20,101 (knuckle)
       1,364   22,601 (knuckle)
       0,000   22,601
-------------------------------

Station :60,000
Number of segments :2
   Segment 1
       4,847   22,601
       5,880   22,601 (knuckle)
       5,880   22,701 (knuckle)
       0,000   22,701 (knuckle)
       0,000   22,601 (knuckle)
       4,847   22,601

   Segment 2
       0,000    0,000
       1,509    0,000 (knuckle)
       2,830    0,233
       4,046    0,465
       4,588    0,582
       5,101    0,706
       5,605    0,845
       6,124    1,006
       6,672    1,195
       7,235    1,405
       7,793    1,627
       8,325    1,853
       8,812    2,076
       9,255    2,296
       9,655    2,513
      10,015    2,729
      10,339    2,947
      10,632    3,164
      10,899    3,383
      11,377    3,822
      11,593    4,042
      11,792    4,262
      11,972    4,482
      12,135    4,701
      12,280    4,919
      12,409    5,136
      12,627    5,567
      12,802    5,996
      12,945    6,427
      13,065    6,862
      13,161    7,304
      13,238    7,751
      13,297    8,193
      13,343    8,628
      13,376    9,061
      13,399    9,546
      13,411   10,535
      13,406   12,435
      13,414   14,581
      13,421   15,101 (knuckle)
      13,421   17,601 (knuckle)
       5,859   17,601
       5,880   17,601 (knuckle)
       5,880   20,101 (knuckle)
       5,880   22,601 (knuckle)
       0,000   22,601
-------------------------------

Station :70,000
Number of segments :5
   Segment 1
       8,514   17,801
       8,514   18,301
       8,513   18,799
       8,511   19,290
       8,508   19,775 (knuckle)
       9,269   19,774
       9,554   19,775
       9,714   19,774
      10,372   19,778
      10,519   19,776
      10,644   19,778
      11,284   19,774
      11,447   19,775
      11,737   19,774
      12,509   19,775 (knuckle)
      12,506   19,290
      12,504   18,799
      12,503   18,301
      12,503   17,801

   Segment 2
       4,441   22,701
       4,441   22,901 (knuckle)
       5,776   22,901 (knuckle)
       5,776   22,701

   Segment 3
       8,127   17,601
       8,127   17,801 (knuckle)
      12,912   17,801 (knuckle)
      12,912   17,601

   Segment 4
       7,208   22,676
       7,208   22,701 (knuckle)
       0,000   22,701 (knuckle)
       0,000   22,601 (knuckle)
       7,208   22,601 (knuckle)
       7,208   22,676

   Segment 5
       0,000    0,000
       2,924    0,000 (knuckle)
       4,607    0,247
       5,392    0,369
       6,108    0,489
       6,743    0,608
       7,316    0,733
       7,856    0,872
       8,392    1,032
       8,944    1,220
       9,499    1,428
      10,034    1,649
      10,528    1,875
      10,962    2,098
      11,339    2,319
      11,665    2,537
      11,948    2,754
      12,195    2,972
      12,411    3,190
      12,605    3,407
      12,952    3,843
      13,257    4,280
      13,389    4,498
      13,608    4,935
      13,776    5,369
      13,903    5,800
      14,001    6,228
      14,078    6,658
      14,139    7,093
      14,184    7,537
      14,216    7,981
      14,260    9,067
      14,277    9,842
      14,275   10,535
      14,259   12,218
      14,254   15,101 (knuckle)
      14,254   17,601 (knuckle)
       5,880   17,601 (knuckle)
       5,880   20,101 (knuckle)
       5,880   22,601 (knuckle)
       0,000   22,601
-------------------------------

Station :80,000
Number of segments :7
   Segment 1
      13,359   17,801
      13,359   18,309
      13,360   18,816
      13,365   19,289
      13,370   19,656 (knuckle)
      12,842   19,656
      12,171   19,656
      12,021   19,654
      11,468   19,655
      10,713   19,654
      10,563   19,656
       9,892   19,656
       9,366   19,656 (knuckle)
       9,371   19,289
       9,376   18,816
       9,377   18,308
       9,377   17,801

   Segment 2
      11,232   19,266
      11,248   19,254
      11,267   19,250
      11,285   19,254
      11,301   19,266
      11,313   19,282
      11,317   19,301
      11,313   19,320
      11,302   19,336
      11,285   19,347
      11,267   19,351
      11,248   19,347
      11,232   19,335
      11,220   19,319
      11,216   19,301
      11,220   19,282
      11,232   19,266

   Segment 3
      11,432   19,266
      11,448   19,254
      11,467   19,250
      11,485   19,254
      11,501   19,266
      11,513   19,282
      11,517   19,301
      11,513   19,320
      11,502   19,336
      11,485   19,347
      11,467   19,351
      11,448   19,347
      11,432   19,335
      11,420   19,319
      11,416   19,301
      11,420   19,282
      11,432   19,266

   Segment 4
       0,000    0,000
       5,023    0,000 (knuckle)
       6,663    0,243
       8,134    0,487
       8,762    0,612
       9,326    0,743
       9,848    0,889
      10,349    1,054
      10,843    1,244
      11,324    1,452
      11,775    1,672
      12,184    1,896
      12,539    2,117
      12,844    2,335
      13,105    2,552
      13,329    2,769
      13,523    2,987
      13,841    3,425
      14,101    3,864
      14,319    4,301
      14,486    4,734
      14,606    5,164
      14,695    5,592
      14,760    6,021
      14,808    6,448
      14,864    7,315
      14,891    8,203
      14,905    9,070
      14,908   10,535
      14,890   12,448
      14,889   14,590
      14,896   15,101 (knuckle)
      14,896   17,601 (knuckle)
       8,153   17,601 (knuckle)
       8,153   20,101 (knuckle)
       8,057   20,101
       8,074   20,101
       4,773   20,101
       4,813   20,101
       4,764   20,101
       4,780   20,101 (knuckle)
       4,780   22,601 (knuckle)
       0,000   22,601 (knuckle)
       0,000   30,202 (knuckle)
       0,000   31,352 (knuckle)
       1,720   31,352 (knuckle)
       1,720   30,202 (knuckle)
       2,029   30,202 (knuckle)
       2,029   22,601

   Segment 5
      13,765   17,601
      13,765   17,801 (knuckle)
       8,987   17,801 (knuckle)
       8,987   17,601

   Segment 6
       2,103   22,601
       2,029   22,601 (knuckle)
       2,029   22,701 (knuckle)
       4,780   22,701 (knuckle)
       4,780   22,601 (knuckle)
       2,103   22,601

   Segment 7
       2,042   24,576
       2,042   25,201 (knuckle)
       3,574   25,201 (knuckle)
       3,574   22,701 (knuckle)
       2,042   22,701 (knuckle)
       2,042   24,576
-------------------------------

Station :90,000
Number of segments :3
   Segment 1
      12,914   18,001
      13,430   18,001 (knuckle)
      13,430   19,997 (knuckle)
      13,166   19,990
      12,798   19,987
      12,072   19,986
      11,394   19,986
      10,693   19,986
       9,939   19,988
       9,564   19,991
       9,310   19,997 (knuckle)
       9,310   18,001 (knuckle)
      12,914   18,001

   Segment 2
       9,531   17,601
       9,531   18,001 (knuckle)
      13,208   18,001 (knuckle)
      13,208   17,601

   Segment 3
       0,000    0,000
       7,093    0,000 (knuckle)
       8,383    0,238
       8,998    0,358
       9,577    0,480
      10,113    0,606
      10,612    0,739
      11,084    0,887
      11,539    1,056
      11,984    1,249
      12,412    1,461
      12,810    1,684
      13,167    1,910
      13,476    2,133
      13,738    2,352
      13,961    2,569
      14,152    2,785
      14,315    3,001
      14,456    3,218
      14,688    3,654
      14,876    4,093
      15,021    4,529
      15,119    4,960
      15,183    5,387
      15,222    5,814
      15,258    6,667
      15,273    7,984
      15,281    9,551
      15,281   10,531
      15,267   12,451
      15,272   13,624
      15,291   15,101 (knuckle)
      15,291   17,601 (knuckle)
       7,367   17,601 (knuckle)
       7,367   20,101 (knuckle)
       0,000   20,101
-------------------------------

Station :100,000
Number of segments :5
   Segment 1
       2,512   32,702
       0,000   32,702 (knuckle)
       0,000   32,602 (knuckle)
       3,632   32,602 (knuckle)
       3,632   32,702 (knuckle)
       2,512   32,702

   Segment 2
       2,692   30,192
       2,519   30,193
       2,532   30,194
       1,978   30,194
       1,567   30,194
       1,323   30,195
       0,882   30,195
       0,652   30,197
       0,227   30,197
       0,000   30,202 (knuckle)
       0,000   30,102 (knuckle)
       3,033   30,102 (knuckle)
       3,033   30,202 (knuckle)
       2,897   30,194
       2,692   30,192

   Segment 3
       2,194   27,702
       0,000   27,702 (knuckle)
       0,000   27,602 (knuckle)
       5,067   27,602 (knuckle)
       5,067   27,702 (knuckle)
       2,194   27,702

   Segment 4
       5,137   22,701
       5,137   22,601 (knuckle)
       5,800   22,601 (knuckle)
       5,800   22,701 (knuckle)
       5,137   22,701

   Segment 5
       0,000    0,000
       8,328    0,000 (knuckle)
       9,495    0,232
      10,043    0,349
      10,548    0,469
      11,002    0,591
      11,414    0,723
      11,802    0,872
      12,180    1,046
      12,559    1,247
      12,933    1,469
      13,286    1,702
      13,608    1,934
      13,887    2,157
      14,126    2,372
      14,329    2,583
      14,502    2,794
      14,648    3,006
      14,774    3,221
      14,981    3,658
      15,155    4,102
      15,292    4,544
      15,385    4,974
      15,439    5,398
      15,464    5,823
      15,473    6,249
      15,476    7,112
      15,489    7,998
      15,491    9,299
      15,507   11,521
      15,508   12,710
      15,533   15,101 (knuckle)
      15,533   17,601 (knuckle)
       9,390   17,601
       9,500   17,601 (knuckle)
       9,500   20,101 (knuckle)
       0,000   20,101
-------------------------------

Station :110,000
Number of segments :6
   Segment 1
      13,317   17,801
      13,317   18,301
      13,317   18,801
      13,318   19,301
      13,318   19,801 (knuckle)
      13,118   19,801
      12,495   19,799
      12,008   19,796
      11,538   19,788
      11,236   19,788
      10,766   19,796
      10,279   19,799
       9,657   19,801
       9,456   19,801 (knuckle)
       9,456   19,301
       9,456   18,801
       9,456   18,301
       9,456   17,801

   Segment 2
       1,084   32,702
       1,115   32,702 (knuckle)
       1,115   32,602 (knuckle)
       0,000   32,602 (knuckle)
       0,000   32,702 (knuckle)
       1,084   32,702

   Segment 3
       1,023   30,202
       1,106   30,202 (knuckle)
       1,106   30,102 (knuckle)
       0,000   30,102 (knuckle)
       0,000   30,202 (knuckle)
       1,023   30,202

   Segment 4
       2,589   22,701
       4,641   22,701
       4,565   22,701
       4,654   22,701 (knuckle)
       4,654   22,601 (knuckle)
       0,000   22,601 (knuckle)
       0,000   22,701 (knuckle)
       2,589   22,701

   Segment 5
      13,699   17,601
      13,699   17,801 (knuckle)
       9,084   17,801 (knuckle)
       9,084   17,601

   Segment 6
       0,000    0,000
       8,514    0,000 (knuckle)
       9,704    0,228
      10,252    0,344
      10,744    0,462
      11,169    0,584
      11,541    0,718
      11,882    0,869
      12,214    1,046
      12,554    1,253
      12,893    1,481
      13,220    1,718
      13,520    1,952
      13,785    2,173
      14,015    2,385
      14,211    2,591
      14,378    2,797
      14,518    3,007
      14,637    3,221
      14,741    3,439
      14,923    3,884
      15,079    4,333
      15,193    4,770
      15,265    5,194
      15,307    5,615
      15,332    6,041
      15,344    6,471
      15,365    8,224
      15,366    9,849
      15,372   11,534
      15,408   14,992
      15,419   15,101 (knuckle)
      15,419   17,601 (knuckle)
       4,987   17,601 (knuckle)
       4,987   20,101 (knuckle)
       0,000   20,101
-------------------------------

Station :120,000
Number of segments :1
   Segment 1
       0,000    0,000
       8,211    0,000 (knuckle)
       9,338    0,230
       9,858    0,347
      10,325    0,466
      10,729    0,590
      11,082    0,723
      11,408    0,875
      11,725    1,052
      12,051    1,258
      12,377    1,486
      12,692    1,722
      12,982    1,956
      13,237    2,177
      13,457    2,389
      13,647    2,595
      13,807    2,801
      13,942    3,010
      14,057    3,223
      14,158    3,440
      14,339    3,885
      14,501    4,333
      14,624    4,771
      14,705    5,194
      14,758    5,616
      14,793    6,043
      14,814    6,478
      14,830    7,362
      14,842    9,560
      14,838   10,910
      14,841   11,532
      14,868   13,318
      14,909   15,114 (knuckle)
      11,800   15,114 (knuckle)
      11,800   17,614 (knuckle)
       8,341   17,615
       4,000   17,616
       0,000   17,618
-------------------------------

Station :130,000
Number of segments :4
   Segment 1
      12,437   15,351
      12,437   15,851
      12,437   16,351
      12,438   16,851
      12,438   17,351 (knuckle)
      12,238   17,350
      11,615   17,349
      11,128   17,346
      10,658   17,338
      10,356   17,338
       9,886   17,346
       9,399   17,349
       8,777   17,350
       8,576   17,351 (knuckle)
       8,576   16,851
       8,576   16,351
       8,576   15,851
       8,576   15,351

   Segment 2
       5,662   21,262
       5,586   22,333 (knuckle)
       4,932   22,662
       3,892   23,167 (knuckle)
      -0,010   23,167 (knuckle)
      -0,006   22,959
      -0,001   21,935
      -0,001   21,039
       0,000   20,184 (knuckle)
       5,738   20,184 (knuckle)
       5,662   21,262

   Segment 3
      12,819   15,151
      12,819   15,351 (knuckle)
       8,204   15,351 (knuckle)
       8,204   15,151

   Segment 4
       0,000    0,000
       7,527    0,000 (knuckle)
       8,584    0,234
       9,070    0,353
       9,505    0,473
       9,879    0,596
      10,205    0,730
      10,503    0,881
      10,794    1,057
      11,093    1,264
      11,394    1,491
      11,686    1,728
      12,202    2,182
      12,418    2,392
      12,605    2,597
      12,766    2,802
      12,903    3,011
      13,021    3,224
      13,127    3,441
      13,323    3,886
      13,505    4,337
      13,650    4,775
      13,754    5,200
      13,826    5,626
      13,877    6,059
      13,913    6,498
      13,936    6,938
      13,984    8,869
      14,017   10,916
      14,089   13,321
      14,118   14,043
      14,172   15,158 (knuckle)
      10,969   15,158
       7,407   15,157
       5,965   15,156 (knuckle)
       5,965   17,656 (knuckle)
       5,965   17,656 (knuckle)
       5,965   20,184 (knuckle)
       0,000   20,184
-------------------------------

Station :140,000
Number of segments :3
   Segment 1
       3,002   21,370
       2,903   21,394
       2,818   21,455
       2,758   21,542
       2,735   21,641
       2,757   21,739
       2,817   21,824
       2,902   21,884
       3,000   21,907
       3,099   21,884
       3,186   21,823
       3,248   21,738
       3,271   21,640
       3,248   21,541
       3,187   21,454
       3,100   21,393
       3,002   21,370

   Segment 2
       1,252   21,370
       1,153   21,394
       1,068   21,455
       1,008   21,542
       0,985   21,641
       1,007   21,739
       1,067   21,824
       1,152   21,884
       1,250   21,907
       1,349   21,884
       1,436   21,823
       1,498   21,738
       1,521   21,640
       1,498   21,541
       1,437   21,454
       1,350   21,393
       1,252   21,370

   Segment 3
       0,000    0,000
       6,168    0,000 (knuckle)
       7,251    0,242
       7,747    0,364
       8,188    0,486
       8,562    0,612
       8,883    0,747
       9,172    0,899
       9,450    1,076
       9,733    1,283
      10,017    1,511
      10,294    1,748
      10,787    2,200
      10,997    2,409
      11,182    2,612
      11,344    2,815
      11,484    3,020
      11,607    3,231
      11,718    3,446
      11,929    3,891
      12,127    4,346
      12,287    4,787
      12,404    5,212
      12,493    5,641
      12,562    6,078
      12,614    6,515
      12,654    6,950
      12,705    7,826
      12,789    9,871
      12,866   11,254
      12,953   12,480
      13,027   13,330
      13,174   14,690
      13,242   15,233 (knuckle)
       9,059   15,232
       7,865   15,232
       4,321   15,231
       2,963   15,231
       0,000   15,230
-------------------------------

Station :150,000
Number of segments :1
   Segment 1
       0,000    0,000
       4,391    0,000 (knuckle)
       5,557    0,253
       6,089    0,380
       6,558    0,506
       6,953    0,634
       7,287    0,770
       7,585    0,923
       7,867    1,100
       8,152    1,308
       8,435    1,536
       8,707    1,773
       8,959    2,006
       9,183    2,227
       9,380    2,435
       9,553    2,638
       9,705    2,838
       9,839    3,040
      10,072    3,456
      10,287    3,897
      10,489    4,354
      10,578    4,580
      10,719    5,014
      10,823    5,439
      10,903    5,869
      10,965    6,302
      11,014    6,735
      11,052    7,171
      11,106    8,047
      11,141    8,895
      11,165    9,337
      11,207    9,880
      11,272   10,571
      11,344   11,260
      11,406   11,803
      11,467   12,263
      11,543   12,750
      11,657   13,342
      11,818   14,057
      11,974   14,701
      12,139   15,335 (knuckle)
       8,806   15,335
       5,284   15,334
       2,645   15,334
       0,000   15,334
-------------------------------

Station :160,000
Number of segments :2
   Segment 1
       5,096   18,227
       3,892   18,816 (knuckle)
       0,000   18,816 (knuckle)
       0,000   16,001 (knuckle)
       5,505   16,001 (knuckle)
       5,409   17,060
       5,312   18,122 (knuckle)
       5,096   18,227

   Segment 2
       0,000    0,000
       2,703    0,000 (knuckle)
       3,813    0,260
       4,320    0,389
       4,770    0,517
       5,150    0,645
       5,476    0,781
       5,770    0,933
       6,053    1,109
       6,341    1,316
       6,630    1,544
       6,908    1,782
       7,163    2,017
       7,388    2,241
       7,584    2,453
       7,753    2,658
       7,899    2,859
       8,026    3,058
       8,139    3,260
       8,244    3,467
       8,444    3,903
       8,634    4,362
       8,788    4,812
       8,899    5,246
       8,979    5,673
       9,038    6,102
       9,086    6,533
       9,125    6,966
       9,153    7,404
       9,211    8,911
       9,244    9,358
       9,305    9,902
       9,400   10,586
       9,507   11,270
       9,603   11,816
       9,702   12,281
       9,827   12,767
      10,010   13,354
      10,263   14,066
      10,514   14,728
      10,821   15,489 (knuckle)
       8,343   15,488
       5,238   15,483
       5,353   15,483
       5,342   15,483 (knuckle)
       5,342   16,001 (knuckle)
       0,000   16,001
-------------------------------

Station :170,000
Number of segments :3
   Segment 1
       3,001   17,247
       2,910   17,269
       2,830   17,327
       2,773   17,408
       2,752   17,501
       2,773   17,593
       2,829   17,672
       2,908   17,728
       3,000   17,749
       3,093   17,728
       3,174   17,671
       3,232   17,592
       3,254   17,500
       3,232   17,407
       3,175   17,326
       3,094   17,269
       3,001   17,247

   Segment 2
       1,251   17,247
       1,160   17,269
       1,080   17,327
       1,023   17,408
       1,002   17,501
       1,023   17,593
       1,079   17,672
       1,158   17,728
       1,250   17,749
       1,343   17,728
       1,424   17,671
       1,482   17,592
       1,504   17,500
       1,482   17,407
       1,425   17,326
       1,344   17,269
       1,251   17,247

   Segment 3
       0,000    0,000
       1,522    0,000 (knuckle)
       2,439    0,261
       2,860    0,391
       3,235    0,519
       3,556    0,648
       3,834    0,784
       4,089    0,937
       4,338    1,114
       4,595    1,321
       4,855    1,551
       5,107    1,790
       5,340    2,027
       5,546    2,253
       5,724    2,468
       5,878    2,675
       6,008    2,875
       6,119    3,073
       6,214    3,272
       6,381    3,687
       6,540    4,140
       6,681    4,604
       6,738    4,829
       6,828    5,265
       6,889    5,693
       6,932    6,123
       6,988    6,773
       7,020    7,210
       7,045    7,651
       7,084    8,517
       7,110    8,943
       7,154    9,386
       7,232    9,924
       7,356   10,604
       7,500   11,288
       7,634   11,842
       7,701   12,082
       7,848   12,547
       7,937   12,795
       8,045   13,068
       8,176   13,376
       8,508   14,094
       8,852   14,790
       9,126   15,312
       9,353   15,719 (knuckle)
       7,000   15,719
       4,657   15,718
       2,328   15,717
       0,000   15,716
-------------------------------

Station :180,000
Number of segments :1
   Segment 1
       0,000    0,000
       0,864    0,000 (knuckle)
       1,504    0,262
       1,800    0,392
       2,068    0,523
       2,302    0,654
       2,510    0,794
       2,704    0,949
       2,896    1,128
       3,093    1,336
       3,291    1,565
       3,482    1,804
       3,658    2,040
       3,811    2,265
       3,941    2,479
       4,052    2,685
       4,144    2,884
       4,221    3,081
       4,285    3,277
       4,393    3,691
       4,494    4,147
       4,584    4,615
       4,652    5,064
       4,702    5,496
       4,737    5,923
       4,812    7,007
       4,879    7,891
       4,955    8,750
       5,000    9,177
       5,068    9,655
       5,118    9,942
       5,261   10,625
       5,429   11,327
       5,591   11,915
       5,751   12,407
       5,834   12,635
       5,929   12,869
       6,044   13,124
       6,187   13,416
       6,363   13,755
       6,565   14,124
       6,778   14,500
       6,993   14,859
       7,198   15,184
       7,394   15,480
       7,773   16,023 (knuckle)
       0,000   16,023
-------------------------------

Station :190,000
Number of segments :1
   Segment 1
       0,000    0,000
       0,429    0,000 (knuckle)
       0,846    0,258
       1,042    0,388
       1,223    0,519
       1,387    0,653
       1,535    0,795
       1,674    0,953
       1,808    1,133
       1,940    1,341
       2,067    1,567
       2,183    1,803
       2,284    2,037
       2,367    2,260
       2,431    2,474
       2,480    2,680
       2,515    2,881
       2,540    3,078
       2,557    3,276
       2,616    4,396
       2,681    5,940
       2,730    6,802
       2,763    7,239
       2,883    8,544
       2,928    8,972
       2,987    9,416
       3,083    9,954
       3,151   10,284
       3,319   11,017
       3,411   11,387
       3,596   12,062
       3,764   12,605
       3,838   12,818
       3,917   13,015
       4,014   13,224
       4,140   13,476
       4,306   13,790
       4,508   14,153
       4,736   14,544
       4,984   14,939
       5,243   15,322
       5,511   15,692
       6,061   16,409 (knuckle)
       0,000   16,409
-------------------------------

Station :200,000
Number of segments :1
   Segment 1
       0,000    0,008
       0,124    0,015 (knuckle)
       0,411    0,393
       0,595    0,658
       0,681    0,800
       0,764    0,957
       0,846    1,135
       0,927    1,340
       1,003    1,562
       1,072    1,794
       1,129    2,026
       1,171    2,248
       1,199    2,462
       1,214    2,670
       1,219    2,872
       1,204    3,273
       1,153    3,936
       1,119    4,427
       1,094    4,895
       1,080    5,325
       1,081    5,746
       1,094    6,172
       1,124    6,819
       1,206    8,331
       1,233    8,761
       1,270    9,194
       1,326    9,677
       1,415   10,297
       1,544   11,069
       1,625   11,498
       1,716   11,942
       1,810   12,364
       1,896   12,726
       1,972   13,023
       2,026   13,211
       2,090   13,400
       2,235   13,766
       2,396   14,136
       2,599   14,564
       2,841   15,023
       3,116   15,487
       3,420   15,956
       3,742   16,429
       4,074   16,905 (knuckle)
       2,037   16,905
       0,000   16,905
-------------------------------

Station :210,000
Number of segments :1
   Segment 1
       0,000   15,268
       0,092   15,406
       0,181   15,528
       0,284   15,674
       0,313   15,717
       0,402   15,833
       0,545   16,030
       0,713   16,240
       0,793   16,347
       0,907   16,488
       0,987   16,597
       1,169   16,848
       1,382   17,155
       1,615   17,522 (knuckle)
       1,496   17,522
       1,103   17,523
       0,827   17,524
       0,363   17,525
       0,000   17,525
-------------------------------

